commandline/PreCompiled/example/data/mag_plane_0.grd
DSAA
128	128
-63.500000	63.500000
-63.500000	63.500000
-331.380225	989.485701
[rows 75 to 99 of 128, columns 0 to 55 of 128]
-19.805178 -20.688885 -21.623149 -22.611274 -23.656767 -24.763341 -25.934910 -27.175590 -28.489676 -29.881623 -31.356008 -32.917473 -34.570647 -36.320032 -38.169856 -40.123861 -42.185024 -44.355175 -46.634500 -49.020855 -51.508878 -54.088782 -56.744770 -59.452909 -62.178321 -64.871419 -67.462922 -69.857197 -71.923406 -73.483724 -74.297721 -74.041711 -72.281703 -68.438438 -61.743328 -51.185559 -35.454674 -12.893217 18.502976 60.952728 116.465827 185.906486 267.480322 355.332129 440.026742 511.995937 565.628552 600.458551 619.400327 626.457277 625.338935 618.975403 609.500930 598.399095 586.668788 574.964011
-19.843698 -20.730078 -21.667342 -22.658850 -23.708175 -24.819109 -25.995665 -27.242073 -28.562770 -29.962384 -31.445699 -33.017611 -34.683061 -36.446933 -38.313924 -40.288352 -42.373906 -44.573300 -46.887809 -49.316649 -51.856141 -54.498604 -57.230862 -60.032262 -62.872016 -65.705660 -68.470306 -71.078297 -73.408715 -75.296031 -76.514944 -76.760228 -75.620118 -72.541614 -66.786338 -57.376850 -43.037351 -22.142788 7.286535 47.460828 100.406470 167.037882 245.648115 330.501263 412.297406 481.596444 532.885978 565.755992 583.133070 588.997679 587.014375 580.058678 570.209883 558.901764 547.091074 535.397885
-19.864994 -20.752749 -21.691601 -22.684955 -23.736437 -24.849907 -26.029461 -27.279428 -28.604372 -30.009072 -31.498501 -33.077791 -34.752170 -36.526884 -38.407076 -40.397622 -42.502905 -44.726509 -47.070799 -49.536354 -52.121217 -54.819868 -57.621861 -60.509990 -63.457830 -66.426432 -69.359897 -72.179412 -74.775238 -76.995944 -78.633936 -79.406087 -78.927946 -76.679801 -71.962997 -63.846022 -51.103649 -32.162217 -5.087048 32.304871 82.045902 145.105884 219.893134 300.842551 378.856111 444.687032 492.968381 523.365532 538.811352 543.241275 540.246593 532.620994 522.366192 510.849065 498.972162 487.313521
-19.869072 -20.756900 -21.695923 -22.689578 -23.741534 -24.855705 -26.036252 -27.287590 -28.614387 -30.021555 -31.514236 -33.097770 -34.777652 -36.559458 -38.448750 -40.450935 -42.571061 -44.813556 -47.181851 -49.677882 -52.301410 -55.049104 -57.913306 -60.880373 -63.928431 -67.024364 -70.119747 -73.145355 -76.003754 -78.559283 -80.624530 -81.942091 -82.160105 -80.799736 -77.212817 -70.528720 -59.592923 -42.908960 -18.617707 15.405247 61.174376 119.711774 189.572728 265.435511 338.505551 399.830653 444.259065 471.554900 484.640770 487.368522 483.212614 474.846509 464.164862 452.446941 440.527408 428.933686
-19.856000 -20.742602 -21.680381 -22.672796 -23.723545 -24.836578 -26.016109 -27.266618 -28.592860 -29.999857 -31.492894 -33.077495 -34.759388 -36.544452 -38.438631 -40.447822 -42.577703 -44.833502 -47.219679 -49.739486 -52.394372 -55.183177 -58.101039 -61.137915 -64.276586 -67.489962 -70.737425 -73.959897 -77.073131 -79.958631 -82.451316 -84.322802 -85.258821 -84.828953 -82.446744 -77.318914 -68.385209 -54.258791 -33.197940 -3.185105 37.731766 90.606302 154.170492 223.443710 290.086492 345.596253 385.137887 408.598283 418.853171 419.607233 414.154460 404.997175 393.887092 381.992591 370.066235 358.576589
-19.825908 -20.709997 -21.645129 -22.634771 -23.682639 -24.792705 -25.969216 -27.216701 -28.539978 -29.944159 -31.434642 -33.017106 -34.697479 -36.481904 -38.376668 -40.388110 -42.522487 -44.785772 -47.183391 -49.719849 -52.398218 -55.219445 -58.181403 -61.277612 -64.495501 -67.814050 -71.200597 -74.606505 -77.961267 -81.164500 -84.075043 -86.496121 -88.155225 -88.676971 -87.547046 -84.065723 -77.291740 -65.984483 -48.571065 -23.206753 11.927095 57.866016 113.534618 174.414419 232.836255 280.973953 314.448349 333.285361 340.244699 338.787745 331.942928 321.980015 310.468430 298.442384 286.559416 275.222518
-19.778994 -20.659298 -21.590396 -22.575752 -23.619082 -24.724369 -25.895876 -27.138157 -28.456075 -29.854802 -31.339826 -32.916944 -34.592251 -36.372108 -38.263098 -40.271951 -42.405434 -44.670199 -47.072557 -49.618173 -52.311643 -55.155906 -58.151451 -61.295232 -64.579196 -67.988282 -71.497702 -75.069254 -78.646303 -82.146953 -85.454756 -88.406060 -90.772824 -92.239412 -92.371660 -90.576784 -86.054496 -77.745571 -64.299858 -44.122014 -15.620960 22.136778 68.255652 118.808666 167.071380 206.193647 232.421943 245.915834 249.209519 245.394731 237.135737 226.406181 214.556741 202.468287 190.694124 179.567815
-19.715515 -20.590785 -21.516487 -22.496070 -23.533236 -24.631962 -25.796507 -27.031436 -28.341628 -29.732294 -31.208976 -32.777560 -34.444263 -36.215623 -38.098463 -40.099839 -42.226961 -44.487070 -46.887267 -49.434262 -52.134034 -54.991360 -58.009157 -61.187598 -64.522901 -68.005677 -71.618699 -75.333862 -79.108061 -82.877598 -86.550577 -89.996609 -93.032862 -95.405328 -96.763962 -96.630656 -94.360419 -89.100922 -79.768103 -65.084627 -43.782592 -15.132828 20.103941 58.698510 95.154304 123.917387 142.022340 149.724775 149.198358 143.034064 133.442789 122.052014 109.969259 97.911870 86.325821 75.475376
-19.635789 -20.504808 -21.423784 -22.396140 -23.425552 -24.515972 -25.671643 -26.897114 -28.197261 -29.577303 -31.042809 -32.599714 -34.254318 -36.013284 -37.883617 -39.872633 -41.987902 -44.237162 -46.628183 -49.168585 -51.865567 -54.725539 -57.753603 -60.952856 -64.323421 -67.861140 -71.555801 -75.388731 -79.329544 -83.331753 -87.326847 -91.216336 -94.861091 -98.067210 -100.567582 -101.998631 -101.873047 -99.553056 -94.238409 -85.004489 -70.964296 -51.667354 -27.790629 -1.817852 22.162838 40.102798 49.908710 51.873264 47.701538 39.399060 28.677374 16.799506 4.626138 -7.286386 -18.594948 -29.100027
-19.540195 -20.401779 -21.312739 -22.276457 -23.296571 -24.376994 -25.521929 -26.735895 -28.023739 -29.390660 -30.842223 -32.384376 -34.023456 -35.766200 -37.619735 -39.591564 -41.689531 -43.921762 -46.296573 -48.822336 -51.507280 -54.359213 -57.385133 -60.590690 -63.979454 -67.551916 -71.304132 -75.225905 -79.298331 -83.490521 -87.755237 -92.023100 -96.194990 -100.132211 -103.644063 -106.472892 -108.277844 -108.621534 -106.970709 -102.735843 -95.396990 -84.779644 -71.491438 -57.299691 -44.920527 -36.943580 -34.646850 -37.747265 -45.025729 -55.053077 -66.595388 -78.730618 -90.824726 -102.466634 -113.404403 -123.494780
-19.429164 -20.282174 -21.183873 -22.137593 -23.146921 -24.215713 -25.348120 -26.548605 -27.821966 -29.173354 -30.608298 -32.132720 -33.752953 -35.475755 -37.308311 -39.258237 -41.333557 -43.542678 -45.894326 -48.397456 -51.061121 -53.894265 -56.905454 -60.102477 -63.491818 -67.077925 -70.862226 -74.841818 -79.007706 -83.342496 -87.817359 -92.388104 -96.990174 -101.532415 -105.889651 -109.894492 -113.329842 -115.925746 -117.368619 -117.338599 -115.600590 -112.174982 -107.570789 -102.938495 -99.878681 -99.826085 -103.427474 -110.423900 -119.999363 -131.200226 -143.187646 -155.322211 -167.157627 -178.402638 -188.879845 -198.491291
-19.303184 -20.146525 -21.037772 -21.980193 -22.977309 -24.032909 -25.151071 -26.336185 -27.592975 -28.926521 -30.342281 -31.846118 -33.444314 -35.143596 -36.951148 -38.874619 -40.922125 -43.102238 -45.423953 -47.896641 -50.529955 -53.333709 -56.317684 -59.491364 -62.863569 -66.441951 -70.232319 -74.237741 -78.457358 -82.884851 -87.506480 -92.298620 -97.224755 -102.231973 -107.247165 -112.173525 -116.888705 -121.247336 -125.093059 -128.288409 -130.773175 -132.655753 -134.313718 -136.425019 -139.824745 -145.191577 -152.765992 -162.309913 -173.284997 -185.073555 -197.123396 -209.004642 -220.412182 -231.145429 -241.083208 -250.161230
-19.162790 -19.995422 -20.875083 -21.804968 -22.788520 -23.829444 -24.931733 -26.099683 -27.337924 -28.651437 -30.045582 -31.526125 -33.099257 -34.771624 -36.550344 -38.443028 -40.457792 -42.603262 -44.888566 -47.323313 -49.917546 -52.681667 -55.626325 -58.762245 -62.099993 -65.649654 -69.420394 -73.419885 -77.653560 -82.123663 -86.828076 -91.758910 -96.900888 -102.229652 -107.710224 -113.296191 -118.930579 -124.550148 -130.095751 -135.532173 -140.879894 -146.255308 -151.901569 -158.174413 -165.451580 -173.987756 -183.802596 -194.676988 -206.243163 -218.095990 -229.871429 -241.281546 -252.119037 -262.246825 -271.583031 -280.086410
-19.008561 -19.829503 -20.696509 -21.612692 -22.581405 -23.606260 -24.691144 -25.840247 -27.058081 -28.349507 -29.719758 -31.174468 -32.719699 -34.361966 -36.108266 -37.966099 -39.943496 -42.049030 -44.291829 -46.681575 -49.228490 -51.943302 -54.837185 -57.921665 -61.208485 -64.709413 -68.435980 -72.399141 -76.608840 -81.073463 -85.799199 -90.789311 -96.043377 -101.556619 -107.319539 -113.318222 -119.535903 -125.956634 -132.572056 -139.392033 -146.458410 -153.857672 -161.722772 -170.211277 -179.454959 -189.497986 -200.258850 -211.539938 -223.075458 -234.587932 -245.829796 -256.603675 -266.766048 -276.221635 -284.914181 -292.816906
-18.841120 -19.649451 -20.502802 -21.404194 -22.356881 -23.364366 -24.430422 -25.559113 -26.754817 -28.022251 -29.366495 -30.793024 -32.307730 -33.916956 -35.627522 -37.446754 -39.382516 -41.443231 -43.637903 -45.976135 -48.468132 -51.124701 -53.957227 -56.977631 -60.198306 -63.632012 -67.291737 -71.190514 -75.341183 -79.756103 -84.446832 -89.423779 -94.695893 -100.270464 -106.153163 -112.348537 -118.861190 -125.697937 -132.871076 -140.402480 -148.327270 -156.694310 -165.559497 -174.968701 -184.932363 -195.401622 -206.259270 -217.331967 -228.417793 -239.316335 -249.851134 -259.881168 -269.303144 -278.048135 -286.075651 -293.367163
-18.661122 -19.455989 -20.294758 -21.180351 -22.115915 -23.104834 -24.150752 -25.257594 -26.429587 -27.671285 -28.987595 -30.383800 -31.865593 -33.439103 -35.110926 -36.888158 -38.778423 -40.789903 -42.931371 -45.212211 -47.642442 -50.232727 -52.994384 -55.939371 -59.080263 -62.430211 -66.002873 -69.812317 -73.872909 -78.199160 -82.805565 -87.706439 -92.915771 -98.447152 -104.313824 -110.528907 -117.105880 -124.059273 -131.405425 -139.162834 -147.351215 -155.988011 -165.081244 -174.618815 -184.556905 -194.812381 -205.263976 -215.763231 -226.151526 -236.277233 -246.008420 -255.239468 -263.892379 -271.914562 -279.274821 -285.958826
-18.469258 -19.249875 -20.073211 -20.942084 -21.859523 -22.828784 -23.853374 -24.937065 -26.083919 -27.298311 -28.584950 -29.948909 -31.395651 -32.931058 -34.561462 -36.293673 -38.135016 -40.093359 -42.177146 -44.395425 -46.757880 -49.274847 -51.957336 -54.817038 -57.866327 -61.118240 -64.586454 -68.285236 -72.229374 -76.434099 -80.914972 -85.687776 -90.768386 -96.172654 -101.916286 -108.014726 -114.482987 -121.335334 -128.584609 -136.240876 -144.308966 -152.784561 -161.648874 -170.862767 -180.362171 -190.057071 -199.835574 -209.572635 -219.141160 -228.422479 -237.314001 -245.733221 -253.618482 -260.927455 -267.634347 -273.726650
-18.266241 -19.031894 -19.839027 -20.690346 -21.588757 -22.537381 -23.539576 -24.598954 -25.719398 -26.905090 -28.160526 -29.490547 -30.900364 -32.395582 -33.982233 -35.666804 -37.456268 -39.358114 -41.380381 -43.531687 -45.821255 -48.258945 -50.855269 -53.621409 -56.569227 -59.711257 -63.060693 -66.631355 -70.437635 -74.494429 -78.817029 -83.420998 -88.321991 -93.535536 -99.076737 -104.959860 -111.197748 -117.800953 -124.776449 -132.125786 -139.842556 -147.909253 -156.293879 -164.947091 -173.800969 -182.770391 -191.757348 -200.657569 -209.368029 -217.793723 -225.852571 -233.478006 -240.619479 -247.241421 -253.321275 -258.847142
-18.052806 -18.802853 -19.593094 -20.426117 -21.304697 -22.231817 -23.210680 -24.244725 -25.337651 -26.493432 -27.716339 -29.010967 -30.382254 -31.835506 -33.376430 -35.011154 -36.746260 -38.588810 -40.546377 -42.627072 -44.839570 -47.193135 -49.697637 -52.363570 -55.202053 -58.224831 -61.444253 -64.873238 -68.525215 -72.414035 -76.553852 -80.958946 -85.643491 -90.621240 -95.905092 -101.506514 -107.434739 -113.695715 -120.290697 -127.214498 -134.453408 -141.983009 -149.766233 -157.752232 -165.876622 -174.063509 -182.229225 -190.287260 -198.153463 -205.750627 -213.011787 -219.882014 -226.318797 -232.291353 -237.779254 -242.770707
-17.829704 -18.563578 -19.336319 -20.150393 -21.008445 -21.913309 -22.868028 -23.875867 -24.940328 -26.065172 -27.254436 -28.512454 -29.843877 -31.253700 -32.747280 -34.330365 -36.009116 -37.790134 -39.680482 -41.687711 -43.819881 -46.085580 -48.493936 -51.054628 -53.777881 -56.674459 -59.755630 -63.033123 -66.519050 -70.225800 -74.165885 -78.351732 -82.795399 -87.508202 -92.500214 -97.779619 -103.351878 -109.218683 -115.376697 -121.816114 -128.519131 -135.458561 -142.596839 -149.885804 -157.267510 -164.676218 -172.041410 -179.291416 -186.357105 -193.175075 -199.689969 -205.855774 -211.636149 -217.003991 -221.940479 -226.433826
-17.597695 -18.314903 -19.069619 -19.864185 -20.701110 -21.583081 -22.512976 -23.493879 -24.529092 -25.622157 -26.776870 -27.997296 -29.287794 -30.653032 -32.098008 -33.628072 -35.248948 -36.966751 -38.788007 -40.719676 -42.769162 -44.944325 -47.253493 -49.705455 -52.309454 -55.075161 -58.012635 -61.132263 -64.444662 -67.960556 -71.690597 -75.645137 -79.833912 -84.265650 -88.947560 -93.884697 -99.079184 -104.529299 -110.228433 -116.164007 -122.316425 -128.658260 -135.153841 -141.759463 -148.424356 -155.092405 -161.704506 -168.201239 -174.525518 -180.624870 -186.453107 -191.971302 -197.148080 -201.959364 -206.387718 -210.421454
-17.357545 -18.057667 -18.793913 -19.568503 -20.383807 -21.242361 -22.146877 -23.100255 -24.105598 -25.166224 -26.285682 -27.467769 -28.716544 -30.036342 -31.431799 -32.907859 -34.469798 -36.123236 -37.874150 -39.728891 -41.694189 -43.777158 -45.985296 -48.326472 -50.808910 -53.441149 -56.231994 -59.190439 -62.325561 -65.646377 -69.161659 -72.879688 -76.807944 -80.952715 -85.318620 -89.908027 -94.720389 -99.751481 -104.992611 -110.429831 -116.043270 -121.806694 -127.687424 -133.646732 -139.640763 -145.621953 -151.540842 -157.348049 -162.996203 -168.441600 -173.645435 -178.574551 -183.201702 -187.505420 -191.469571 -195.082718
-17.110021 -17.792708 -18.510123 -19.264356 -20.057643 -20.892367 -21.771074 -22.696479 -23.671484 -24.699185 -25.782884 -26.926108 -28.132614 -29.406410 -30.751763 -32.173213 -33.675589 -35.264015 -36.943918 -38.721043 -40.601443 -42.591489 -44.697849 -46.927478 -49.287586 -51.785592 -54.429064 -57.225633 -60.182878 -63.308180 -66.608529 -70.090287 -73.758890 -77.618486 -81.671509 -85.918182 -90.355962 -94.978952 -99.777305 -104.736694 -109.837900 -115.056611 -120.363522 -125.724768 -131.102745 -136.457246 -141.746844 -146.930364 -151.968307 -156.824070 -161.464870 -165.862324 -169.992693 -173.836817 -177.379828 -180.610698
-16.855882 -17.520859 -18.219156 -18.952742 -19.723712 -20.534301 -21.386887 -22.284006 -23.228356 -24.222814 -25.270439 -26.374488 -27.538424 -28.765926 -30.060902 -31.427493 -32.870086 -34.393318 -36.002079 -37.701517 -39.497028 -41.394255 -43.399064 -45.517525 -47.755872 -50.120452 -52.617659 -55.253840 -58.035183 -60.967562 -64.056361 -67.306246 -70.720889 -74.302654 -78.052228 -81.968208 -86.046661 -90.280679 -94.659954 -99.170421 -103.794035 -108.508707 -113.288487 -118.103985 -122.923062 -127.711730 -132.435211 -137.059038 -141.550117 -145.877636 -150.013768 -153.934129 -157.617984 -161.048247 -164.211285 -167.096609
-16.595880 -17.242939 -17.921911 -18.634640 -19.383088 -20.169339 -20.995609 -21.864253 -22.777775 -23.738833 -24.750247 -25.815012 -26.936301 -28.117474 -29.362088 -30.673896 -32.056858 -33.515139 -35.053110 -36.675346 -38.386614 -40.191861 -42.096192 -44.104841 -46.223127 -48.456399 -50.809966 -53.289006 -55.898448 -58.642834 -61.526144 -64.551597 -67.721403 -71.036495 -74.496220 -78.098006 -81.837028 -85.705870 -89.694234 -93.788718 -97.972697 -102.226356 -106.526889 -110.848885 -115.164895 -119.446148 -123.663350 -127.787528 -131.790824 -135.647176 -139.332867 -142.826877 -146.111077 -149.170240 -151.991932 -154.566295
