commandline/PreCompiled/example/data/mag_plane_0.grd
DSAA
128	128
-63.500000	63.500000
-63.500000	63.500000
-331.380225	989.485701
[rows 0 to 24 of 128, columns 0 to 55 of 128]
-3.981887 -4.041278 -4.101098 -4.161334 -4.221972 -4.282999 -4.344407 -4.406187 -4.468335 -4.530850 -4.593734 -4.656996 -4.720648 -4.784708 -4.849203 -4.914165 -4.979635 -5.045663 -5.112308 -5.179639 -5.247737 -5.316691 -5.386606 -5.457595 -5.529784 -5.603312 -5.678328 -5.754993 -5.833479 -5.913966 -5.996643 -6.081705 -6.169353 -6.259789 -6.353215 -6.449834 -6.549841 -6.653422 -6.760755 -6.872001 -6.987303 -7.106786 -7.230549 -7.358663 -7.491172 -7.628087 -7.769386 -7.915011 -8.064866 -8.218820 -8.376704 -8.538310 -8.703393 -8.871674 -9.042836 -9.216533
-4.075844 -4.137115 -4.198802 -4.260888 -4.323354 -4.386182 -4.449359 -4.512871 -4.576709 -4.640867 -4.705342 -4.770137 -4.835261 -4.900729 -4.966561 -5.032789 -5.099451 -5.166595 -5.234280 -5.302577 -5.371567 -5.441346 -5.512023 -5.583718 -5.656569 -5.730725 -5.806349 -5.883620 -5.962726 -6.043871 -6.127265 -6.213129 -6.301693 -6.393186 -6.487844 -6.585900 -6.687581 -6.793109 -6.902692 -7.016525 -7.134783 -7.257619 -7.385158 -7.517499 -7.654706 -7.796807 -7.943793 -8.095615 -8.252185 -8.413369 -8.578994 -8.748843 -8.922658 -9.100140 -9.280950 -9.464715
-4.172650 -4.235880 -4.299512 -4.363522 -4.427886 -4.492581 -4.557587 -4.622885 -4.688459 -4.754297 -4.820392 -4.886739 -4.953341 -5.020208 -5.087358 -5.154814 -5.222614 -5.290802 -5.359437 -5.428589 -5.498341 -5.568793 -5.640057 -5.712263 -5.785557 -5.860100 -5.936072 -6.013667 -6.093096 -6.174582 -6.258365 -6.344694 -6.433827 -6.526030 -6.621572 -6.720722 -6.823748 -6.930908 -7.042450 -7.158606 -7.279588 -7.405584 -7.536752 -7.673219 -7.815075 -7.962371 -8.115114 -8.273267 -8.436748 -8.605427 -8.779124 -8.957614 -9.140624 -9.327836 -9.518886 -9.713371
-4.272414 -4.337688 -4.403347 -4.469359 -4.535696 -4.602327 -4.669226 -4.736367 -4.803727 -4.871286 -4.939029 -5.006945 -5.075030 -5.143287 -5.211726 -5.280367 -5.349241 -5.418389 -5.487868 -5.557745 -5.628106 -5.699051 -5.770697 -5.843182 -5.916661 -5.991308 -6.067317 -6.144902 -6.224295 -6.305745 -6.389521 -6.475902 -6.565184 -6.657668 -6.753665 -6.853486 -6.957441 -7.065834 -7.178959 -7.297091 -7.420486 -7.549374 -7.683950 -7.824378 -7.970778 -8.123227 -8.281753 -8.446336 -8.616902 -8.793323 -8.975418 -9.162951 -9.355634 -9.553127 -9.755041 -9.960939
-4.375246 -4.442656 -4.510429 -4.578529 -4.646919 -4.715562 -4.784423 -4.853468 -4.922666 -4.991988 -5.061409 -5.130912 -5.200482 -5.270113 -5.339809 -5.409582 -5.479456 -5.549467 -5.619666 -5.690118 -5.760908 -5.832137 -5.903927 -5.976420 -6.049780 -6.124195 -6.199875 -6.277053 -6.355984 -6.436947 -6.520239 -6.606178 -6.695097 -6.787341 -6.883266 -6.983233 -7.087601 -7.196728 -7.310958 -7.430620 -7.556020 -7.687438 -7.825116 -7.969258 -8.120023 -8.277519 -8.441801 -8.612867 -8.790656 -8.975045 -9.165851 -9.362829 -9.565673 -9.774021 -9.987454 -10.205500
-4.481265 -4.550906 -4.620888 -4.691166 -4.761696 -4.832432 -4.903329 -4.974344 -5.045436 -5.116565 -5.187698 -5.258804 -5.329860 -5.400849 -5.471764 -5.542608 -5.613395 -5.684155 -5.754931 -5.825785 -5.896797 -5.968069 -6.039723 -6.111907 -6.184795 -6.258586 -6.333505 -6.409806 -6.487772 -6.567708 -6.649949 -6.734851 -6.822790 -6.914162 -7.009374 -7.108843 -7.212987 -7.322224 -7.436959 -7.557584 -7.684465 -7.817939 -7.958305 -8.105815 -8.260675 -8.423031 -8.592971 -8.770516 -8.955621 -9.148172 -9.347982 -9.554799 -9.768300 -9.988096 -10.213736 -10.444710
-4.590589 -4.662567 -4.734860 -4.807415 -4.880177 -4.953093 -5.026106 -5.099162 -5.172209 -5.245194 -5.318073 -5.390801 -5.463342 -5.535667 -5.607757 -5.679601 -5.751203 -5.822583 -5.893773 -5.964829 -6.035825 -6.106860 -6.178056 -6.249566 -6.321568 -6.394275 -6.467928 -6.542802 -6.619205 -6.697478 -6.777990 -6.861143 -6.947363 -7.037100 -7.130821 -7.229006 -7.332144 -7.440721 -7.555215 -7.676090 -7.803784 -7.938702 -8.081209 -8.231620 -8.390192 -8.557121 -8.732533 -8.916478 -9.108933 -9.309792 -9.518872 -9.735910 -9.960563 -10.192417 -10.430984 -10.675711
-4.703346 -4.777772 -4.852485 -4.927422 -5.002519 -5.077709 -5.152924 -5.228099 -5.303166 -5.378061 -5.452722 -5.527091 -5.601117 -5.674754 -5.747968 -5.820733 -5.893039 -5.964890 -6.036310 -6.107340 -6.178047 -6.248525 -6.318893 -6.389304 -6.459943 -6.531032 -6.602828 -6.675628 -6.749767 -6.825621 -6.903602 -6.984159 -7.067773 -7.154957 -7.246246 -7.342195 -7.443370 -7.550340 -7.663669 -7.783904 -7.911569 -8.047151 -8.191094 -8.343786 -8.505549 -8.676638 -8.857223 -9.047396 -9.247156 -9.456413 -9.674986 -9.902603 -10.138901 -10.383435 -10.635678 -10.895027
-4.819666 -4.896661 -4.973911 -5.051345 -5.128885 -5.206451 -5.283965 -5.361342 -5.438503 -5.515364 -5.591849 -5.667881 -5.743389 -5.818312 -5.892593 -5.966191 -6.039075 -6.111233 -6.182671 -6.253417 -6.323526 -6.393081 -6.462195 -6.531020 -6.599743 -6.668594 -6.737846 -6.807815 -6.878868 -6.951415 -7.025913 -7.102865 -7.182815 -7.266346 -7.354070 -7.446628 -7.544676 -7.648881 -7.759904 -7.878396 -8.004979 -8.140241 -8.284717 -8.438884 -8.603146 -8.777823 -8.963147 -9.159254 -9.366176 -9.583842 -9.812075 -10.050593 -10.299015 -10.556858 -10.823552 -11.098440
-4.939684 -5.019376 -5.099292 -5.179346 -5.259447 -5.339503 -5.419417 -5.499090 -5.578423 -5.657316 -5.735670 -5.813389 -5.890380 -5.966558 -6.041846 -6.116178 -6.189501 -6.261780 -6.333001 -6.403173 -6.472332 -6.540547 -6.607922 -6.674601 -6.740772 -6.806669 -6.872577 -6.938835 -7.005836 -7.074030 -7.143923 -7.216075 -7.291100 -7.369660 -7.452456 -7.540228 -7.633737 -7.733762 -7.841083 -7.956468 -8.080660 -8.214365 -8.358232 -8.512841 -8.678694 -8.856196 -9.045650 -9.247248 -9.461062 -9.687046 -9.925030 -10.174724 -10.435721 -10.707502 -10.989446 -11.280833
-5.063538 -5.146069 -5.228788 -5.311596 -5.394388 -5.477054 -5.559482 -5.641553 -5.723147 -5.804143 -5.884419 -5.963853 -6.042328 -6.119732 -6.195960 -6.270918 -6.344526 -6.416721 -6.487462 -6.556732 -6.624545 -6.690949 -6.756032 -6.819927 -6.882814 -6.944931 -7.006571 -7.068092 -7.129914 -7.192528 -7.256491 -7.322428 -7.391028 -7.463043 -7.539276 -7.620579 -7.707838 -7.801962 -7.903869 -8.014469 -8.134650 -8.265256 -8.407074 -8.560812 -8.727087 -8.906410 -9.099169 -9.305625 -9.525902 -9.759983 -10.007710 -10.268783 -10.542770 -10.829109 -11.127118 -11.436008
-5.191373 -5.276893 -5.362564 -5.448272 -5.533895 -5.619306 -5.704372 -5.788954 -5.872908 -5.956088 -6.038344 -6.119527 -6.199490 -6.278089 -6.355187 -6.430655 -6.504380 -6.576265 -6.646233 -6.714237 -6.780259 -6.844321 -6.906485 -6.966867 -7.025635 -7.083021 -7.139324 -7.194916 -7.250246 -7.305843 -7.362318 -7.420365 -7.480760 -7.544352 -7.612063 -7.684872 -7.763810 -7.849940 -7.944344 -8.048100 -8.162267 -8.287858 -8.425826 -8.577033 -8.742238 -8.922078 -9.117048 -9.327495 -9.553603 -9.795395 -10.052727 -10.325292 -10.612626 -10.914118 -11.229018 -11.556455
-5.323337 -5.412009 -5.500793 -5.589559 -5.678167 -5.766470 -5.854312 -5.941529 -6.027953 -6.113407 -6.197713 -6.280687 -6.362147 -6.441912 -6.519806 -6.595661 -6.669321 -6.740647 -6.809521 -6.875854 -6.939589 -7.000710 -7.059248 -7.115290 -7.168983 -7.220549 -7.270283 -7.318567 -7.365874 -7.412772 -7.459928 -7.508110 -7.558186 -7.611118 -7.667959 -7.729839 -7.797955 -7.873551 -7.957902 -8.052289 -8.157975 -8.276178 -8.408048 -8.554639 -8.716881 -8.895566 -9.091319 -9.304592 -9.535647 -9.784554 -10.051188 -10.335234 -10.636193 -10.953395 -11.286012 -11.633077
-5.459581 -5.551581 -5.643653 -5.735650 -5.827410 -5.918765 -6.009535 -6.099528 -6.188545 -6.276378 -6.362812 -6.447628 -6.530600 -6.611506 -6.690122 -6.766233 -6.839632 -6.910131 -6.977558 -7.041773 -7.102669 -7.160180 -7.214296 -7.265061 -7.312594 -7.357092 -7.398839 -7.438221 -7.475727 -7.511962 -7.547650 -7.583636 -7.620890 -7.660497 -7.703661 -7.751684 -7.805957 -7.867937 -7.939130 -8.021055 -8.115224 -8.223102 -8.346082 -8.485445 -8.642336 -8.817733 -9.012425 -9.226991 -9.461790 -9.716950 -9.992372 -10.287729 -10.602484 -10.935895 -11.287044 -11.654847
-5.600262 -5.695779 -5.791329 -5.886743 -5.981840 -6.076424 -6.170289 -6.263213 -6.354963 -6.445294 -6.533950 -6.620669 -6.705179 -6.787204 -6.866469 -6.942701 -7.015633 -7.085014 -7.150611 -7.212218 -7.269663 -7.322821 -7.371620 -7.416054 -7.456194 -7.492200 -7.524335 -7.552974 -7.578617 -7.601900 -7.623600 -7.644643 -7.666108 -7.689220 -7.715349 -7.745997 -7.782779 -7.827407 -7.881656 -7.947336 -8.026256 -8.120182 -8.230800 -8.359675 -8.508212 -8.677621 -8.868890 -9.082757 -9.319697 -9.579914 -9.863339 -10.169634 -10.498212 -10.848249 -11.218714 -11.608388
-5.745537 -5.844776 -5.944009 -6.043045 -6.141679 -6.239688 -6.336834 -6.432863 -6.527502 -6.620467 -6.711456 -6.800154 -6.886237 -6.969370 -7.049215 -7.125430 -7.197678 -7.265634 -7.328986 -7.387448 -7.440772 -7.488751 -7.531237 -7.568152 -7.599504 -7.625400 -7.646061 -7.661838 -7.673230 -7.680894 -7.685655 -7.688523 -7.690690 -7.693534 -7.698614 -7.707659 -7.722549 -7.745291 -7.777985 -7.822789 -7.881872 -7.957366 -8.051319 -8.165640 -8.302058 -8.462069 -8.646906 -8.857505 -9.094486 -9.358145 -9.648448 -9.965046 -10.307289 -10.674253 -11.064770 -11.477460
-5.895566 -5.998749 -6.101888 -6.204768 -6.307159 -6.408807 -6.509441 -6.608769 -6.706477 -6.802232 -6.895681 -6.986453 -7.074161 -7.158401 -7.238763 -7.314825 -7.386166 -7.452370 -7.513033 -7.567773 -7.616240 -7.658128 -7.693193 -7.721262 -7.742255 -7.756203 -7.763263 -7.763745 -7.758126 -7.747068 -7.731441 -7.712330 -7.691048 -7.669136 -7.648368 -7.630731 -7.618412 -7.613768 -7.619288 -7.637546 -7.671150 -7.722681 -7.794629 -7.889334 -8.008918 -8.155238 -8.329829 -8.533873 -8.768170 -9.033126 -9.328754 -9.654686 -10.010197 -10.394237 -10.805469 -11.242316
-6.050514 -6.157879 -6.265164 -6.372131 -6.478519 -6.584043 -6.688394 -6.791238 -6.892216 -6.990940 -7.087001 -7.179963 -7.269366 -7.354730 -7.435557 -7.511334 -7.581542 -7.645655 -7.703159 -7.753553 -7.796364 -7.831164 -7.857582 -7.875323 -7.884192 -7.884113 -7.875153 -7.857549 -7.831733 -7.798355 -7.758308 -7.712748 -7.663108 -7.611107 -7.558752 -7.508328 -7.462377 -7.423670 -7.395159 -7.379924 -7.381108 -7.401841 -7.445162 -7.513941 -7.610797 -7.738029 -7.897553 -8.090855 -8.318959 -8.582407 -8.881268 -9.215147 -9.583221 -9.984283 -10.416788 -10.878914
-6.210543 -6.322347 -6.434040 -6.545357 -6.656005 -6.765665 -6.873987 -6.980592 -7.085067 -7.186968 -7.285818 -7.381110 -7.472303 -7.558826 -7.640084 -7.715456 -7.784304 -7.845979 -7.899829 -7.945213 -7.981508 -8.008130 -8.024551 -8.030322 -8.025093 -8.008645 -7.980916 -7.942036 -7.892356 -7.832484 -7.763315 -7.686057 -7.602261 -7.513830 -7.423027 -7.332474 -7.245127 -7.164242 -7.093329 -7.036081 -6.996293 -6.977774 -6.984246 -7.019238 -7.085990 -7.187356 -7.325729 -7.502976 -7.720397 -7.978704 -8.278027 -8.617935 -8.997480 -9.415252 -9.869445 -10.357934
-6.375816 -6.492336 -6.608720 -6.724673 -6.839870 -6.953952 -7.066527 -7.177164 -7.285395 -7.390709 -7.492558 -7.590352 -7.683457 -7.771203 -7.852878 -7.927739 -7.995011 -8.053896 -8.103582 -8.143254 -8.172111 -8.189376 -8.194326 -8.186312 -8.164787 -8.129340 -8.079733 -8.015939 -7.938184 -7.846991 -7.743219 -7.628108 -7.503309 -7.370910 -7.233455 -7.093942 -6.955802 -6.822870 -6.699321 -6.589592 -6.498283 -6.430044 -6.389444 -6.380843 -6.408258 -6.475247 -6.584800 -6.739263 -6.940280 -7.188771 -7.484938 -7.828296 -8.217729 -8.651568 -9.127676 -9.643544
-6.546495 -6.668029 -6.789409 -6.910309 -7.030369 -7.149190 -7.266330 -7.381304 -7.493581 -7.602581 -7.707674 -7.808176 -7.903352 -7.992415 -8.074525 -8.148793 -8.214287 -8.270035 -8.315034 -8.348266 -8.368706 -8.375348 -8.367224 -8.343433 -8.303176 -8.245791 -8.170800 -8.077959 -7.967305 -7.839218 -7.694473 -7.534296 -7.360413 -7.175094 -6.981174 -6.782068 -6.581760 -6.384760 -6.196044 -6.020957 -5.865090 -5.734138 -5.633738 -5.569291 -5.545804 -5.567719 -5.638788 -5.761956 -5.939302 -6.171999 -6.460329 -6.803726 -7.200851 -7.649698 -8.147704 -8.691875
-6.722741 -6.849609 -6.976314 -7.102498 -7.227765 -7.351669 -7.473719 -7.593371 -7.710024 -7.823021 -7.931642 -8.035101 -8.132547 -8.223063 -8.305661 -8.379288 -8.442828 -8.495106 -8.534896 -8.560935 -8.571935 -8.566606 -8.543679 -8.501941 -8.440268 -8.357675 -8.253367 -8.126797 -7.977736 -7.806340 -7.613225 -7.399544 -7.167056 -6.918182 -6.656059 -6.384560 -6.108293 -5.832567 -5.563318 -5.306999 -5.070429 -4.860611 -4.684524 -4.548896 -4.459987 -4.423373 -4.443771 -4.524891 -4.669352 -4.878640 -5.153121 -5.492110 -5.893967 -6.356242 -6.875820 -7.449090
-6.904708 -7.037253 -7.169637 -7.301472 -7.432318 -7.561686 -7.689027 -7.813735 -7.935136 -8.052486 -8.164965 -8.271678 -8.371643 -8.463796 -8.546982 -8.619963 -8.681409 -8.729910 -8.763980 -8.782066 -8.782566 -8.763845 -8.724269 -8.662233 -8.576208 -8.464792 -8.326772 -8.161198 -7.967462 -7.745392 -7.495344 -7.218308 -6.916000 -6.590953 -6.246591 -5.887275 -5.518320 -5.145969 -4.777310 -4.420152 -4.082839 -3.774018 -3.502371 -3.276319 -3.103728 -2.991630 -2.945975 -2.971453 -3.071363 -3.247569 -3.500528 -3.829371 -4.232053 -4.705532 -5.245975 -5.848974
-7.092547 -7.231135 -7.369581 -7.507460 -7.644292 -7.779537 -7.912591 -8.042777 -8.169341 -8.291448 -8.408171 -8.518488 -8.621277 -8.715309 -8.799243 -8.871625 -8.930887 -8.975347 -9.003213 -9.012594 -9.001513 -8.967923 -8.909744 -8.824890 -8.711325 -8.567114 -8.390504 -8.180006 -7.934495 -7.653327 -7.336460 -6.984591 -6.599283 -6.183102 -5.739718 -5.274000 -4.792046 -4.301182 -3.809880 -3.327610 -2.864616 -2.431623 -2.039485 -1.698797 -1.419501 -1.210505 -1.079359 -1.032000 -1.072591 -1.203461 -1.425144 -1.736504 -2.134933 -2.616602 -3.176734 -3.809889
-7.286400 -7.431422 -7.576338 -7.720687 -7.863946 -8.005522 -8.144750 -8.280880 -8.413075 -8.540398 -8.661807 -8.776143 -8.882127 -8.978347 -9.063255 -9.135157 -9.192210 -9.232421 -9.253646 -9.253598 -9.229857 -9.179886 -9.101063 -8.990717 -8.846178 -8.664843 -8.444263 -8.182239 -7.876951 -7.527092 -7.132033 -6.691994 -6.208227 -5.683197 -5.120744 -4.526225 -3.906592 -3.270418 -2.627826 -1.990324 -1.370533 -0.781813 -0.237808 0.248073 0.663192 0.996194 1.237453 1.379420 1.416836 1.346808 1.168749 0.884196 0.496530 0.010643 -0.567440 -1.230934
