commandline/PreCompiled/example/data/mag_plane_0.grd
DSAA
128	128
-63.500000	63.500000
-63.500000	63.500000
-331.380225	989.485701
[rows 75 to 99 of 128, columns 56 to 111 of 128]
563.699329 553.125483 543.382145 534.534089 526.595565 519.546338 513.341766 507.918539 503.197084 499.081244 495.455480 492.179592 489.080662 485.941711 482.486249 478.357652 473.092033 466.083132 456.538095 443.424378 425.412154 400.826762 367.648835 323.646182 266.797331 196.227941 113.723692 25.132402 -60.116939 -132.461160 -186.293127 -221.149882 -239.948036 -246.692425 -245.093346 -238.081078 -227.789600 -215.701910 -202.816206 -189.785915 -177.025462 -164.786276 -153.210080 -142.365748 -132.274605 -122.927665 -114.297325 -106.345226 -99.027490 -92.298154 -86.111377 -80.422816 -75.190429 -70.374908 -65.939861 -61.851829
524.210480 513.759925 504.171682 495.500723 487.755011 480.910843 474.922419 469.727231 465.248275 461.393664 458.053879 455.096650 452.359154 449.637021 446.669294 443.118260 438.542727 432.363172 423.817408 411.906714 395.336344 372.464442 341.296481 299.609238 245.364982 177.639473 98.131253 12.569123 -69.752899 -139.399501 -190.862042 -223.733317 -240.941842 -246.469231 -243.980474 -236.350911 -225.659159 -213.337943 -200.342778 -187.292511 -174.574504 -162.419574 -150.954084 -140.235702 -130.277729 -121.065568 -112.567794 -104.743538 -97.547361 -90.932418 -84.852467 -79.263087 -74.122385 -69.391341 -65.033940 -61.017148
476.229945 465.929637 456.522005 448.051243 440.518613 433.896878 428.139244 423.184338 418.958195 415.373815 412.328508 409.699002 407.334010 405.043739 402.585485 399.644209 395.806614 390.527030 383.083538 372.523859 357.604299 336.734844 307.966404 269.103339 218.102293 153.983943 78.331879 -3.295609 -81.806116 -147.957376 -196.385945 -226.759737 -242.013278 -246.082854 -242.559877 -234.237510 -223.116394 -210.561909 -197.474827 -184.431333 -171.786542 -159.747474 -148.423292 -137.859467 -128.060831 -119.007046 -110.662924 -102.985244 -95.927211 -89.441319 -83.481134 -78.002366 -72.963448 -68.325818 -64.053982 -60.115460
417.985946 407.866611 398.667503 390.421352 383.122530 376.740372 371.227367 366.523663 362.558817 359.251309 356.506024 354.209661 352.223800 350.375073 348.441655 346.134939 343.074904 338.757422 332.511682 323.446873 310.390545 291.830376 265.893286 230.442655 183.453405 123.894310 53.202317 -23.307345 -96.845438 -158.464005 -203.014515 -230.263355 -243.134525 -245.480443 -240.775384 -231.691957 -220.123368 -207.346954 -194.195095 -181.192746 -168.657654 -156.770144 -145.620667 -135.241820 -125.629774 -116.758531 -108.589352 -101.076939 -94.173431 -87.830940 -82.003102 -76.645983 -71.718554 -67.182883 -63.004154 -59.150573
347.802684 337.898879 328.938425 320.942322 313.898164 307.772166 302.516495 298.073261 294.376018 291.349258 288.906071 286.943945 285.338424 283.934147 282.532478 280.874667 278.619092 275.310792 270.341374 262.898022 251.903147 235.954598 213.297193 181.901624 139.805640 85.946858 21.585869 -48.302889 -115.384987 -171.161800 -210.801179 -234.192023 -244.211190 -244.563663 -238.542968 -228.650258 -216.635449 -203.664585 -190.487468 -177.569618 -165.186936 -153.490813 -142.552036 -132.390097 -122.992651 -114.328360 -106.355327 -99.026575 -92.293552 -86.108323 -80.424892 -75.199942 -70.393200 -65.967553 -61.889024 -58.126637
264.666410 255.016157 246.326214 238.606112 231.837139 225.982913 220.995791 216.820323 213.394505 210.649277 208.506406 206.874739 205.644572 204.679689 203.806388 202.798500 201.357074 199.083031 195.440898 189.712121 180.938749 167.865439 148.906373 122.205536 85.934520 39.049425 -17.381423 -78.845406 -137.678095 -186.057000 -219.605650 -238.351721 -245.055802 -243.179322 -235.749977 -225.036076 -212.604923 -199.488019 -186.339700 -173.559380 -161.377992 -149.916813 -139.226802 -129.314672 -120.160093 -111.726977 -103.970837 -96.843533 -90.296274 -84.281471 -78.753822 -73.670904 -68.993429 -64.685301 -60.713539 -57.048124
169.278640 159.922529 151.535838 144.117487 137.643288 132.075000 127.365784 123.463117 120.309828 117.843613 115.995187 114.685035 113.818564 113.279270 112.919337 112.546816 111.908241 110.665215 108.363261 104.391537 97.933758 87.916594 72.977521 51.510418 21.914889 -16.750496 -63.596894 -114.702839 -163.348329 -202.686624 -228.966636 -242.349446 -245.369895 -241.119527 -232.261630 -220.768131 -207.987294 -194.796947 -181.746791 -169.166331 -157.240462 -146.060575 -135.658577 -126.029346 -117.145502 -108.967054 -101.447660 -94.538635 -88.191465 -82.359330 -76.997974 -72.066152 -67.525797 -63.342020 -59.482995 -55.919792
65.505764 56.485508 48.434522 41.342548 35.181090 29.910954 25.486783 21.859459 18.976948 16.783860 15.219896 14.217126 13.695954 13.559480 13.685761 13.917328 14.047039 13.799134 12.804170 10.566799 6.426768 -0.481699 -11.254452 -27.179080 -49.532336 -79.050931 -114.980474 -154.096957 -190.907945 -219.862636 -237.997799 -245.570329 -244.754312 -238.140318 -227.938046 -215.773025 -202.750107 -189.583301 -176.714633 -164.403884 -152.791371 -141.940411 -131.865610 -122.551563 -113.965139 -106.063511 -98.799343 -92.124099 -85.990097 -80.351727 -75.166134 -70.393536 -65.997316 -61.943975 -58.202995 -54.746653
-38.696476 -47.339964 -55.024510 -61.767645 -67.600760 -72.562984 -76.697502 -80.049592 -82.665958 -84.595077 -85.888466 -86.602870 -86.803481 -86.568413 -85.994774 -85.206806 -84.366750 -83.689178 -83.459633 -84.058065 -85.986275 -89.894801 -96.595068 -107.021412 -122.069202 -142.196034 -166.730897 -193.194925 -217.503822 -235.611814 -245.427530 -247.244727 -242.768697 -234.004371 -222.661897 -210.002155 -196.882937 -183.857006 -171.263239 -159.296319 -148.056031 -137.580925 -127.870935 -118.902409 -110.638046 -103.033398 -96.041076 -89.613418 -83.704134 -78.269266 -73.267702 -68.661392 -64.415386 -60.497744 -56.879390 -53.533921
-132.666619 -140.895429 -148.186062 -154.561128 -160.053379 -164.700840 -168.543863 -171.623547 -173.981182 -175.658507 -176.698687 -177.147994 -177.058270 -176.490305 -175.518368 -174.236172 -172.764674 -171.262107 -169.936585 -169.061238 -168.990611 -170.174145 -173.155645 -178.533804 -186.836450 -198.244780 -212.156740 -226.809544 -239.490617 -247.612939 -249.900229 -246.636419 -239.040637 -228.541276 -216.370699 -203.448634 -190.406058 -177.650270 -165.428735 -153.879581 -143.068231 -133.012926 -123.702146 -115.106348 -107.185783 -99.895658 -93.189477 -87.021168 -81.346371 -76.123190 -71.312572 -66.878444 -62.787709 -59.010141 -55.518224 -52.286966
-207.192515 -214.973947 -221.847936 -227.839911 -232.982476 -237.311580 -240.864181 -243.676957 -245.785838 -247.226156 -248.033349 -248.244193 -247.898591 -247.041999 -245.728611 -244.025463 -242.017622 -239.814591 -237.557918 -235.429538 -233.659419 -232.528848 -232.361328 -233.485326 -236.143329 -240.321208 -245.515153 -250.578886 -253.915089 -254.091388 -250.462521 -243.288108 -233.384015 -221.702957 -209.082087 -196.158364 -183.374889 -171.018987 -159.263415 -148.200792 -137.869581 -128.272745 -119.390785 -111.190689 -103.631979 -96.670746 -90.262284 -84.362756 -78.930222 -73.925208 -69.310989 -65.053679 -61.122194 -57.488141 -54.125661 -51.011250
-258.354239 -265.662707 -272.103284 -277.702121 -282.490324 -286.500950 -289.767131 -292.321025 -294.193374 -295.413563 -296.010083 -296.011376 -295.447062 -294.349587 -292.756326 -290.712208 -288.272889 -285.508419 -282.507208 -279.379658 -276.260161 -273.304685 -270.678865 -268.528207 -266.919823 -265.751150 -264.649444 -262.940639 -259.792634 -254.528874 -246.910186 -237.175147 -225.861820 -213.586849 -200.900626 -188.230483 -175.878242 -164.040466 -152.833577 -142.316388 -132.507977 -123.401017 -114.971367 -107.184815 -100.001720 -93.380151 -87.277962 -81.654112 -76.469476 -71.687294 -67.273390 -63.196223 -59.426844 -55.938785 -52.707913 -49.712269
-287.744179 -294.562554 -300.559727 -305.760820 -310.194362 -313.889905 -316.876502 -319.181813 -320.831688 -321.850127 -322.259545 -322.081305 -321.336515 -320.047065 -318.236938 -315.933755 -313.170541 -309.987568 -306.434027 -302.568982 -298.460609 -294.182017 -289.800983 -285.360206 -280.845617 -276.146231 -271.023359 -265.124837 -258.075645 -249.622998 -239.748356 -228.671177 -216.758827 -204.415292 -192.002734 -179.806479 -168.030492 -156.807781 -146.215421 -136.289119 -127.035389 -118.441024 -110.480137 -103.119241 -96.320829 -90.045834 -84.255281 -78.911347 -73.978023 -69.421477 -65.210230 -61.315198 -57.709645 -54.369088 -51.271164 -48.395487
-299.924103 -306.244335 -311.795211 -316.599522 -320.682461 -324.069711 -326.786163 -328.855139 -330.297981 -331.133927 -331.380225 -331.052433 -330.164885 -328.731320 -326.765625 -324.282692 -321.299297 -317.834903 -313.912143 -309.556631 -304.795503 -299.653848 -294.148015 -288.275072 -281.999103 -275.238618 -267.864771 -259.723264 -250.684789 -240.706867 -229.871951 -218.377862 -206.489882 -194.484269 -182.606662 -171.051798 -159.959848 -149.422025 -139.489790 -130.184392 -121.505264 -113.436825 -105.953697 -99.024590 -92.615095 -86.689644 -81.212854 -76.150403 -71.469584 -67.139618 -63.131809 -59.419583 -55.978456 -52.785950 -49.821492 -47.066279
-299.920166 -305.743180 -310.851789 -315.265624 -319.006131 -322.094987 -324.553010 -326.399456 -327.651608 -328.324597 -328.431397 -327.982961 -326.988476 -325.455703 -323.391392 -320.801721 -317.692717 -314.070563 -309.941651 -305.312199 -300.187153 -294.568120 -288.450170 -281.817814 -274.641392 -266.876628 -258.471388 -249.382780 -239.602585 -229.181153 -218.236480 -206.941994 -195.499023 -184.106707 -172.939553 -162.135952 -151.795873 -141.984222 -132.736760 -124.066555 -115.969919 -108.431381 -101.427641 -94.930588 -88.909519 -83.332746 -78.168706 -73.386714 -68.957442 -64.853205 -61.048104 -57.518080 -54.240894 -51.196068 -48.364800 -45.729864
-291.964796 -297.299750 -301.976438 -306.010941 -309.420844 -312.223902 -314.437084 -316.075940 -317.154186 -317.683489 -317.673384 -317.131307 -316.062711 -314.471249 -312.358997 -309.726700 -306.573994 -302.899570 -298.701213 -293.975647 -288.718145 -282.921895 -276.577319 -269.671772 -262.190545 -254.120391 -245.456720 -236.214327 -226.439027 -216.215257 -205.664931 -194.936494 -184.187907 -173.569494 -163.211239 -153.216160 -143.658992 -134.588397 -126.030948 -117.995651 -110.478241 -103.464909 -96.935353 -90.865165 -85.227638 -79.995103 -75.139871 -70.634895 -66.454202 -62.573157 -58.968618 -55.618991 -52.504240 -49.605847 -46.906748 -44.391254
-279.201945 -284.065036 -288.325547 -291.995971 -295.090167 -297.622211 -299.605564 -301.052481 -301.973615 -302.377778 -302.271816 -301.660579 -300.546965 -298.932019 -296.815078 -294.193938 -291.065047 -287.423687 -283.264167 -278.580003 -273.364156 -267.609403 -261.309073 -254.458446 -247.057253 -239.113634 -230.649492 -221.706397 -212.350195 -202.672042 -192.784347 -182.812057 -172.881560 -163.110210 -153.598673 -144.426913 -135.653417 -127.316706 -119.438107 -112.024988 -105.073935 -98.573589 -92.507037 -86.853730 -81.590974 -76.695056 -72.142067 -67.908487 -63.971582 -60.309663 -56.902244 -53.730111 -50.775352 -48.021340 -45.452691 -43.055207
-263.815379 -268.228404 -272.092778 -275.417635 -278.213410 -280.490867 -282.260360 -283.531294 -284.311749 -284.608237 -284.425560 -283.766747 -282.633070 -281.024111 -278.937879 -276.370981 -273.318835 -269.775950 -265.736267 -261.193632 -256.142430 -250.578504 -244.500481 -237.911668 -230.822612 -223.254286 -215.241500 -206.835781 -198.106627 -189.140145 -180.034751 -170.894545 -161.821816 -152.910260 -144.240077 -135.875373 -127.863646 -120.236811 -113.013151 -106.199655 -99.794393 -93.788701 -88.169060 -82.918658 -78.018627 -73.449002 -69.189441 -65.219749 -61.520254 -58.072050 -54.857163 -51.858640 -49.060587 -46.448178 -44.007633 -41.726178
-247.260759 -251.249594 -254.741020 -257.741185 -260.257519 -262.297904 -263.870020 -264.980865 -265.636409 -265.841352 -265.598985 -264.911122 -263.778106 -262.198868 -260.171058 -257.691230 -254.755103 -251.357918 -247.494902 -243.161896 -238.356181 -233.077588 -227.329923 -221.122765 -214.473565 -207.409866 -199.971264 -192.210561 -184.193532 -175.996918 -167.704693 -159.403145 -151.175669 -143.098189 -135.235849 -127.641219 -120.353900 -113.401199 -106.799492 -100.555925 -94.670187 -89.136197 -83.943593 -79.078994 -74.527038 -70.271196 -66.294402 -62.579528 -59.109730 -55.868686 -52.840764 -50.011119 -47.365752 -44.891530 -42.576186 -40.408294
-230.477940 -234.071111 -237.214815 -239.912672 -242.169571 -243.990961 -245.382288 -246.348568 -246.894072 -247.022108 -246.734887 -246.033464 -244.917743 -243.386551 -241.437778 -239.068584 -236.275701 -233.055825 -229.406147 -225.325024 -220.812848 -215.873114 -210.513715 -204.748408 -198.598360 -192.093566 -185.273849 -178.189110 -170.898516 -163.468526 -155.969885 -148.473992 -141.049223 -133.757734 -126.653136 -119.779200 -113.169513 -106.847904 -100.829385 -95.121384 -89.725070 -84.636644 -79.848521 -75.350353 -71.129886 -67.173657 -63.467541 -59.997179 -56.748296 -53.706928 -50.859591 -48.193385 -45.696063 -43.356067 -41.162541 -39.105324
-214.053628 -217.281042 -220.103300 -222.521968 -224.539858 -226.160430 -227.387311 -228.223923 -228.673203 -228.737412 -228.418017 -227.715641 -226.630080 -225.160385 -223.305011 -221.062045 -218.429511 -215.405783 -211.990107 -208.183259 -203.988339 -199.411711 -194.464061 -189.161506 -183.526653 -177.589437 -171.387545 -164.966216 -158.377291 -151.677490 -144.926073 -138.182160 -131.502091 -124.937139 -118.531836 -112.322996 -106.339409 -100.602092 -95.124932 -89.915567 -84.976374 -80.305460 -75.897587 -71.744998 -67.838124 -64.166176 -60.717620 -57.480551 -54.442990 -51.593094 -48.919323 -46.410547 -44.056125 -41.845945 -39.770454 -37.820662
-198.337381 -201.229275 -203.756576 -205.919247 -207.718462 -209.156099 -210.234345 -210.955369 -211.321088 -211.332994 -210.992064 -210.298713 -209.252831 -207.853862 -206.100965 -203.993236 -201.530014 -198.711268 -195.538089 -192.013277 -188.142020 -183.932673 -179.397563 -174.553789 -169.423906 -164.036378 -158.425670 -152.631863 -146.699741 -140.677375 -134.614322 -128.559643 -122.559980 -116.657896 -110.890637 -105.289385 -99.878979 -94.678051 -89.699455 -84.950895 -80.435657 -76.153361 -72.100688 -68.272036 -64.660110 -61.256406 -58.051629 -55.036020 -52.199621 -49.532474 -47.024775 -44.666990 -42.449927 -40.364796 -38.403234 -36.557327
-183.521696 -186.107814 -188.366194 -190.295606 -191.895968 -193.167946 -194.112614 -194.731186 -195.024812 -194.994441 -194.640740 -193.964067 -192.964508 -191.641965 -189.996310 -188.027597 -185.736344 -183.123891 -180.192825 -176.947483 -173.394510 -169.543462 -165.407407 -161.003469 -156.353247 -151.483026 -146.423688 -141.210284 -135.881219 -130.477123 -125.039468 -119.609101 -114.224818 -108.922146 -103.732414 -98.682168 -93.792930 -89.081249 -84.558985 -80.233756 -76.109473 -72.186911 -68.464272 -64.937711 -61.601813 -58.450001 -55.474887 -52.668560 -50.022820 -47.529362 -45.179921 -42.966381 -40.880852 -38.915734 -37.063745 -35.317954
-169.696474 -172.005454 -174.019999 -175.738024 -177.158531 -178.281281 -179.106518 -179.634746 -179.866559 -179.802533 -179.443153 -178.788807 -177.839822 -176.596548 -175.059505 -173.229578 -171.108264 -168.697986 -166.002452 -163.027067 -159.779372 -156.269500 -152.510603 -148.519212 -144.315477 -139.923222 -135.369784 -130.685587 -125.903458 -121.057731 -116.183193 -111.313979 -106.482514 -101.718602 -97.048725 -92.495579 -88.077861 -83.810277 -79.703724 -75.765600 -72.000200 -68.409140 -64.991799 -61.745735 -58.667065 -55.750808 -52.991181 -50.381845 -47.916113 -45.587116 -43.387934 -41.311704 -39.351696 -37.501370 -35.754421 -34.104805
-156.885757 -158.944715 -160.739200 -162.266559 -163.525155 -164.514101 -165.233044 -165.681978 -165.861108 -165.770760 -165.411331 -164.783282 -163.887178 -162.723774 -161.294134 -159.599814 -157.643070 -155.427122 -152.956450 -150.237117 -147.277113 -144.086679 -140.678611 -137.068479 -133.274755 -129.318779 -125.224567 -121.018427 -116.728397 -112.383531 -108.013097 -103.645742 -99.308697 -95.027086 -90.823391 -86.717087 -82.724455 -78.858561 -75.129370 -71.543963 -68.106821 -64.820148 -61.684207 -58.697653 -55.857833 -53.161074 -50.602925 -48.178372 -45.882015 -43.708220 -41.651237 -39.705299 -37.864697 -36.123835 -34.477279 -32.919783
