commandline/PreCompiled/example/data/mag_plane_0.grd
DSAA
128	128
-63.500000	63.500000
-63.500000	63.500000
-331.380225	989.485701
[rows 100 to 124 of 128, columns 0 to 55 of 128]
-16.330756 -16.959754 -17.619264 -18.311009 -19.036816 -19.798625 -20.598492 -21.438597 -22.321250 -23.248899 -24.224132 -25.249690 -26.328464 -27.463508 -28.658038 -29.915436 -31.239253 -32.633205 -34.101167 -35.647173 -37.275396 -38.990132 -40.795775 -42.696785 -44.697640 -46.802781 -49.016540 -51.343049 -53.786135 -56.349184 -59.034990 -61.845569 -64.781957 -67.843978 -71.029992 -74.336641 -77.758583 -81.288263 -84.915704 -88.628381 -92.411178 -96.246455 -100.114258 -103.992646 -107.858160 -111.686378 -115.452539 -119.132181 -122.701739 -126.139077 -129.423898 -132.538037 -135.465618 -138.193095 -140.709179 -143.004697
-16.061229 -16.672087 -17.312069 -17.982777 -18.685911 -19.423266 -20.196745 -21.008358 -21.860227 -22.754597 -23.693834 -24.680431 -25.717013 -26.806338 -27.951300 -29.154927 -30.420382 -31.750956 -33.150064 -34.621230 -36.168075 -37.794294 -39.503631 -41.299838 -43.186636 -45.167651 -47.246351 -49.425958 -51.709347 -54.098929 -56.596512 -59.203143 -61.918939 -64.742890 -67.672668 -70.704421 -73.832581 -77.049699 -80.346312 -83.710873 -87.129751 -90.587324 -94.066165 -97.547331 -101.010733 -104.435580 -107.800859 -111.085823 -114.270454 -117.335864 -120.264625 -123.040999 -125.651071 -128.082800 -130.325983 -132.372155
-15.788002 -16.380701 -17.001152 -17.650844 -18.331348 -19.044325 -19.791526 -20.574796 -21.396082 -22.257431 -23.160994 -24.109033 -25.103916 -26.148122 -27.244240 -28.394966 -29.603099 -30.871535 -32.203258 -33.601323 -35.068846 -36.608974 -38.224858 -39.919620 -41.696302 -43.557818 -45.506881 -47.545930 -49.677039 -51.901807 -54.221243 -56.635630 -59.144383 -61.745894 -64.437376 -67.214713 -70.072314 -73.003003 -75.997932 -79.046556 -82.136653 -85.254424 -88.384664 -91.510996 -94.616177 -97.682447 -100.691899 -103.626864 -106.470259 -109.205908 -111.818793 -114.295246 -116.623062 -118.791549 -120.791514 -122.615203
-15.511752 -16.086330 -16.687310 -17.316070 -17.974063 -18.662815 -19.383934 -20.139110 -20.930116 -21.758815 -22.627155 -23.537175 -24.491003 -25.490856 -26.539038 -27.637933 -28.790003 -29.997779 -31.263848 -32.590840 -33.981408 -35.438207 -36.963858 -38.560923 -40.231850 -41.978931 -43.804233 -45.709536 -47.696242 -49.765291 -51.917055 -54.151229 -56.466709 -58.861474 -61.332463 -63.875461 -66.484996 -69.154266 -71.875085 -74.637883 -77.431741 -80.244490 -83.062855 -85.872654 -88.659048 -91.406808 -94.100616 -96.725358 -99.266398 -101.709827 -104.042667 -106.253019 -108.330169 -110.264629 -112.048143 -113.673648
-15.233133 -15.789676 -16.371301 -16.979279 -17.614944 -18.279699 -18.975012 -19.702426 -20.463552 -21.260074 -22.093751 -22.966413 -23.879963 -24.836372 -25.837679 -26.885981 -27.983430 -29.132221 -30.334582 -31.592754 -32.908977 -34.285464 -35.724372 -37.227766 -38.797582 -40.435577 -42.143273 -43.921895 -45.772300 -47.694897 -49.689562 -51.755545 -53.891376 -56.094767 -58.362520 -60.690441 -63.073272 -65.504638 -67.977023 -70.481780 -73.009176 -75.548481 -78.088096 -80.615713 -83.118520 -85.583416 -87.997244 -90.347023 -92.620165 -94.804669 -96.889284 -98.863633 -100.718299 -102.444869 -104.035946 -105.485126
-14.952769 -15.491415 -16.053852 -16.641251 -17.254834 -17.895884 -18.565739 -19.265801 -19.997527 -20.762436 -21.562108 -22.398178 -23.272338 -24.186335 -25.141959 -26.141046 -27.185463 -28.277101 -29.417862 -30.609640 -31.854306 -33.153684 -34.509519 -35.923451 -37.396972 -38.931386 -40.527759 -42.186859 -43.909103 -45.694481 -47.542490 -49.452057 -51.421463 -53.448265 -55.529232 -57.660276 -59.836408 -62.051705 -64.299301 -66.571408 -68.859360 -71.153693 -73.444255 -75.720340 -77.970854 -80.184485 -82.349889 -84.455875 -86.491576 -88.446602 -90.311174 -92.076222 -93.733465 -95.275444 -96.695544 -97.987984
-14.671254 -15.192183 -15.735649 -16.302723 -16.894524 -17.512221 -18.157030 -18.830217 -19.533097 -20.267036 -21.033444 -21.833776 -22.669531 -23.542244 -24.453484 -25.404845 -26.397935 -27.434372 -28.515764 -29.643699 -30.819720 -32.045308 -33.321854 -34.650629 -36.032749 -37.469137 -38.960481 -40.507180 -42.109298 -43.766504 -45.478010 -47.242518 -49.058152 -50.922403 -52.832076 -54.783246 -56.771226 -58.790546 -60.834959 -62.897463 -64.970344 -67.045249 -69.113277 -71.165092 -73.191057 -75.181371 -77.126219 -79.015918 -80.841052 -82.592601 -84.262041 -85.841433 -87.323484 -88.701585 -89.969829 -91.123014
-14.389153 -14.892586 -15.417338 -15.964388 -16.534756 -17.129504 -17.749732 -18.396581 -19.071235 -19.774911 -20.508866 -21.274389 -22.072799 -22.905441 -23.773678 -24.678886 -25.622442 -26.605716 -27.630058 -28.696780 -29.807140 -30.962323 -32.163412 -33.411364 -34.706979 -36.050863 -37.443393 -38.884675 -40.374495 -41.912276 -43.497031 -45.127308 -46.801149 -48.516040 -50.268876 -52.055929 -53.872824 -55.714538 -57.575399 -59.449119 -61.328830 -63.207151 -65.076263 -66.928004 -68.753977 -70.545663 -72.294539 -73.992200 -75.630462 -77.201467 -78.697772 -80.112412 -81.438960 -82.671561 -83.804948 -84.834449
-14.106998 -14.593191 -15.099525 -15.626892 -16.176220 -16.748468 -17.344629 -17.965729 -18.612825 -19.287003 -19.989374 -20.721077 -21.483265 -22.277110 -23.103789 -23.964480 -24.860354 -25.792561 -26.762221 -27.770406 -28.818125 -29.906305 -31.035767 -32.207203 -33.421149 -34.677950 -35.977734 -37.320369 -38.705434 -40.132170 -41.599448 -43.105728 -44.649022 -46.226858 -47.836255 -49.473700 -51.135135 -52.815958 -54.511032 -56.214711 -57.920879 -59.623003 -61.314200 -62.987318 -64.635018 -66.249872 -67.824457 -69.351450 -70.823718 -72.234400 -73.576977 -74.845333 -76.033798 -77.137183 -78.150795 -79.070451
-13.825288 -14.294529 -14.782775 -15.290837 -15.819553 -16.369790 -16.942440 -17.538420 -18.158674 -18.804162 -19.475866 -20.174783 -20.901919 -21.658286 -22.444895 -23.262749 -24.112831 -24.996099 -25.913468 -26.865804 -27.853898 -28.878457 -29.940080 -31.039237 -32.176242 -33.351233 -34.564134 -35.814634 -37.102151 -38.425799 -39.784359 -41.176247 -42.599485 -44.051677 -45.529987 -47.031125 -48.551342 -50.086434 -51.631752 -53.182228 -54.732409 -56.276506 -57.808448 -59.321950 -60.810580 -62.267844 -63.687255 -65.062415 -66.387091 -67.655274 -68.861245 -69.999624 -71.065404 -72.053986 -72.961194 -73.783287
-13.544492 -13.997097 -14.467614 -14.956777 -15.465342 -15.994090 -16.543817 -17.115344 -17.709504 -18.327148 -18.969136 -19.636338 -20.329625 -21.049866 -21.797923 -22.574640 -23.380838 -24.217302 -25.084774 -25.983933 -26.915387 -27.879657 -28.877152 -29.908159 -30.972812 -32.071077 -33.202723 -34.367300 -35.564110 -36.792180 -38.050242 -39.336702 -40.649624 -41.986706 -43.345270 -44.722252 -46.114199 -47.517275 -48.927275 -50.339651 -51.749535 -53.151790 -54.541048 -55.911775 -57.258319 -58.574983 -59.856085 -61.096020 -62.289324 -63.430725 -64.515196 -65.537994 -66.494698 -67.381229 -68.193873 -68.929288
-13.265042 -13.701352 -14.154524 -14.625221 -15.114124 -15.621931 -16.149354 -16.697119 -17.265964 -17.856635 -18.469885 -19.106465 -19.767127 -20.452612 -21.163647 -21.900937 -22.665159 -23.456947 -24.276889 -25.125509 -26.003257 -26.910492 -27.847470 -28.814323 -29.811041 -30.837455 -31.893213 -32.977760 -34.090319 -35.229864 -36.395106 -37.584470 -38.796079 -40.027744 -41.276947 -42.540845 -43.816264 -45.099710 -46.387383 -47.675193 -48.958796 -50.233621 -51.494916 -52.737793 -53.957275 -55.148353 -56.306033 -57.425394 -58.501634 -59.530118 -60.506419 -61.426352 -62.286005 -63.081762 -63.810320 -64.468700
-12.987342 -13.407717 -13.843950 -14.296636 -14.766386 -15.253823 -15.759579 -16.284297 -16.828625 -17.393215 -17.978719 -18.585787 -19.215060 -19.867164 -20.542709 -21.242276 -21.966414 -22.715629 -23.490373 -24.291037 -25.117936 -25.971298 -26.851248 -27.757792 -28.690807 -29.650016 -30.634976 -31.645059 -32.679433 -33.737047 -34.816615 -35.916599 -37.035197 -38.170335 -39.319663 -40.480547 -41.650075 -42.825068 -44.002088 -45.177460 -46.347297 -47.507530 -48.653941 -49.782205 -50.887929 -51.966694 -53.014105 -54.025828 -54.997635 -55.925441 -56.805341 -57.633638 -58.406868 -59.121825 -59.775571 -60.365451
-12.711760 -13.116579 -13.536295 -13.971443 -14.422568 -14.890222 -15.374967 -15.877366 -16.397988 -16.937399 -17.496162 -18.074833 -18.673953 -19.294050 -19.935627 -20.599156 -21.285076 -21.993780 -22.725605 -23.480829 -24.259653 -25.062194 -25.888469 -26.738388 -27.611731 -28.508143 -29.427114 -30.367965 -31.329834 -32.311663 -33.312187 -34.329917 -35.363137 -36.409894 -37.467997 -38.535013 -39.608276 -40.684891 -41.761749 -42.835545 -43.902798 -44.959878 -46.003035 -47.028434 -48.032186 -49.010388 -49.959159 -50.874677 -51.753208 -52.591149 -53.385047 -54.131633 -54.827837 -55.470815 -56.057954 -56.586889
-12.438635 -12.828292 -13.231928 -13.650024 -14.083062 -14.531534 -14.995933 -15.476754 -15.974489 -16.489630 -17.022657 -17.574042 -18.144242 -18.733692 -19.342802 -19.971953 -20.621484 -21.291690 -21.982814 -22.695034 -23.428458 -24.183111 -24.958923 -25.755724 -26.573224 -27.411007 -28.268514 -29.145038 -30.039702 -30.951459 -31.879074 -32.821121 -33.775971 -34.741793 -35.716549 -36.697999 -37.683700 -38.671019 -39.657144 -40.639097 -41.613758 -42.577884 -43.528135 -44.461102 -45.373338 -46.261387 -47.121814 -47.951239 -48.746363 -49.503998 -50.221090 -50.894740 -51.522230 -52.101032 -52.628825 -53.103503
-12.168277 -12.543174 -12.931178 -13.332717 -13.748220 -14.178118 -14.622844 -15.082829 -15.558500 -16.050277 -16.558570 -17.083775 -17.626271 -18.186415 -18.764536 -19.360931 -19.975855 -20.609523 -21.262091 -21.933658 -22.624252 -23.333824 -24.062235 -24.809250 -25.574528 -26.357607 -27.157900 -27.974681 -28.807076 -29.654058 -30.514433 -31.386841 -32.269745 -33.161433 -34.060016 -34.963428 -35.869436 -36.775645 -37.679509 -38.578344 -39.469349 -40.349621 -41.216182 -42.065996 -42.895999 -43.703126 -44.484332 -45.236622 -45.957075 -46.642865 -47.291285 -47.899768 -48.465899 -48.987433 -49.462307 -49.888647
-11.900963 -12.261512 -12.634341 -13.019827 -13.418348 -13.830285 -14.256013 -14.695907 -15.150334 -15.619649 -16.104200 -16.604316 -17.120308 -17.652462 -18.201036 -18.766256 -19.348306 -19.947328 -20.563410 -21.196582 -21.846807 -22.513975 -23.197894 -23.898280 -24.614751 -25.346817 -26.093872 -26.855186 -27.629898 -28.417008 -29.215372 -30.023697 -30.840540 -31.664301 -32.493233 -33.325435 -34.158865 -34.991343 -35.820563 -36.644104 -37.459449 -38.263996 -39.055082 -39.830001 -40.586025 -41.320428 -42.030507 -42.713604 -43.367125 -43.988565 -44.575523 -45.125716 -45.637003 -46.107387 -46.535033 -46.918275
-11.636944 -11.983565 -12.341678 -12.711617 -13.093716 -13.488305 -13.895710 -14.316254 -14.750249 -15.197996 -15.659784 -16.135883 -16.626545 -17.131993 -17.652426 -18.188006 -18.738857 -19.305059 -19.886643 -20.483582 -21.095786 -21.723098 -22.365281 -23.022017 -23.692895 -24.377407 -25.074940 -25.784769 -26.506053 -27.237825 -27.978995 -28.728339 -29.484504 -30.246002 -31.011215 -31.778399 -32.545683 -33.311085 -34.072513 -34.827783 -35.574628 -36.310715 -37.033658 -37.741041 -38.430430 -39.099399 -39.745541 -40.366493 -40.959951 -41.523689 -42.055572 -42.553574 -43.015790 -43.440445 -43.825906 -44.170692
-11.376445 -11.709558 -12.053419 -12.408320 -12.774554 -13.152406 -13.542159 -13.944087 -14.358454 -14.785512 -15.225498 -15.678631 -16.145109 -16.625103 -17.118757 -17.626182 -18.147448 -18.682586 -19.231576 -19.794346 -20.370765 -20.960635 -21.563689 -22.179582 -22.807885 -23.448081 -24.099558 -24.761603 -25.433400 -26.114022 -26.802431 -27.497475 -28.197888 -28.902287 -29.609178 -30.316956 -31.023912 -31.728241 -32.428046 -33.121353 -33.806118 -34.480245 -35.141596 -35.788007 -36.417306 -37.027327 -37.615926 -38.180999 -38.720494 -39.232431 -39.714911 -40.166132 -40.584398 -40.968131 -41.315878 -41.626322
-11.119662 -11.439691 -11.769763 -12.110135 -12.461058 -12.822782 -13.195546 -13.579582 -13.975112 -14.382344 -14.801468 -15.232660 -15.676069 -16.131822 -16.600016 -17.080716 -17.573950 -18.079705 -18.597921 -19.128489 -19.671243 -20.225958 -20.792342 -21.370032 -21.958589 -22.557495 -23.166144 -23.783841 -24.409799 -25.043134 -25.682861 -26.327899 -26.977064 -27.629074 -28.282549 -28.936014 -29.587907 -30.236583 -30.880321 -31.517333 -32.145779 -32.763769 -33.369385 -33.960689 -34.535736 -35.092591 -35.629341 -36.144107 -36.635064 -37.100445 -37.538561 -37.947805 -38.326668 -38.673745 -38.987744 -39.267492
-10.866769 -11.174138 -11.490884 -11.817229 -12.153393 -12.499587 -12.856016 -13.222874 -13.600342 -13.988591 -14.387772 -14.798018 -15.219440 -15.652125 -16.096131 -16.551483 -17.018174 -17.496153 -17.985329 -18.485563 -18.996664 -19.518382 -20.050411 -20.592377 -21.143837 -21.704276 -22.273100 -22.849637 -23.433131 -24.022740 -24.617537 -25.216505 -25.818541 -26.422457 -27.026978 -27.630751 -28.232347 -28.830265 -29.422944 -30.008764 -30.586062 -31.153138 -31.708265 -32.249705 -32.775715 -33.284562 -33.774538 -34.243964 -34.691211 -35.114704 -35.512935 -35.884473 -36.227974 -36.542185 -36.825956 -37.078243
-10.617917 -10.913046 -11.216924 -11.529743 -11.851691 -12.182948 -12.523684 -12.874061 -13.234227 -13.604315 -13.984444 -14.374711 -14.775193 -15.185942 -15.606982 -16.038307 -16.479877 -16.931614 -17.393401 -17.865073 -18.346421 -18.837180 -19.337031 -19.845597 -20.362435 -20.887038 -21.418830 -21.957161 -22.501309 -23.050477 -23.603790 -24.160297 -24.718971 -25.278709 -25.838339 -26.396615 -26.952230 -27.503817 -28.049955 -28.589177 -29.119979 -29.640827 -30.150167 -30.646437 -31.128072 -31.593521 -32.041253 -32.469768 -32.877610 -33.263371 -33.625706 -33.963339 -34.275070 -34.559784 -34.816455 -35.044155
-10.373234 -10.656541 -10.948005 -11.247791 -11.556058 -11.872958 -12.198631 -12.533210 -12.876812 -13.229540 -13.591482 -13.962705 -14.343256 -14.733158 -15.132406 -15.540967 -15.958776 -16.385731 -16.821694 -17.266484 -17.719874 -18.181591 -18.651310 -19.128651 -19.613180 -20.104399 -20.601750 -21.104612 -21.612297 -22.124049 -22.639047 -23.156401 -23.675157 -24.194293 -24.712726 -25.229316 -25.742864 -26.252122 -26.755800 -27.252565 -27.741056 -28.219888 -28.687661 -29.142968 -29.584404 -30.010576 -30.420113 -30.811672 -31.183948 -31.535685 -31.865680 -32.172793 -32.455954 -32.714167 -32.946520 -33.152185
-10.132828 -10.404726 -10.684224 -10.971462 -11.266574 -11.569685 -11.880910 -12.200356 -12.528112 -12.864256 -13.208848 -13.561930 -13.923522 -14.293622 -14.672202 -15.059207 -15.454550 -15.858112 -16.269736 -16.689229 -17.116355 -17.550833 -17.992338 -18.440492 -18.894869 -19.354985 -19.820304 -20.290230 -20.764112 -21.241235 -21.720830 -22.202066 -22.684053 -23.165849 -23.646454 -24.124820 -24.599849 -25.070404 -25.535308 -25.993352 -26.443303 -26.883909 -27.313905 -27.732025 -28.137004 -28.527592 -28.902556 -29.260694 -29.600836 -29.921858 -30.222684 -30.502296 -30.759737 -30.994119 -31.204629 -31.390528
-9.896789 -10.157685 -10.425657 -10.700823 -10.983293 -11.273171 -11.570549 -11.875507 -12.188115 -12.508425 -12.836476 -13.172285 -13.515852 -13.867153 -14.226141 -14.592741 -14.966851 -15.348335 -15.737027 -16.132722 -16.535179 -16.944113 -17.359201 -17.780072 -18.206308 -18.637443 -19.072963 -19.512300 -19.954836 -20.399899 -20.846767 -21.294664 -21.742767 -22.190201 -22.636045 -23.079336 -23.519069 -23.954204 -24.383670 -24.806368 -25.221179 -25.626971 -26.022600 -26.406924 -26.778805 -27.137118 -27.480754 -27.808635 -28.119712 -28.412977 -28.687468 -28.942273 -29.176537 -29.389467 -29.580338 -29.748492
