DSAA
128	128
-63.500000	63.500000
-63.500000	63.500000
0.000000	7.645293
3.822646 3.822542 3.822408 3.822244 3.822052 3.821838 3.821611 3.821382 3.821168 3.820989 3.820868 3.820831 3.820903 3.821110 3.821476 3.822018 3.822748 3.823665 3.824758 3.825999 3.827345 3.828738 3.830102 3.831347 3.832374 3.833074 3.833342 3.833076 3.832190 3.830620 3.828334 3.825335 3.821673 3.817441 3.812782 3.807887 3.802984 3.798336 3.794223 3.790933 3.788739 3.787886 3.788571 3.790926 3.795003 3.800765 3.808079 3.816715 3.826355 3.836599 3.846989 3.857027 3.866202 3.874020 3.880035 3.883870 3.885251 3.884017 3.880140 3.873729 3.865024 3.854391 3.842300 3.829300 3.815992 3.802993 3.790901 3.780269 3.771564 3.765153 3.761276 3.760042 3.761422 3.765258 3.771272 3.779091 3.788266 3.798303 3.808693 3.818938 3.828577 3.837214 3.844528 3.850289 3.854366 3.856721 3.857406 3.856554 3.854360 3.851069 3.846957 3.842308 3.837406 3.832510 3.827852 3.823620 3.819957 3.816959 3.814673 3.813103 3.812217 3.811951 3.812219 3.812919 3.813945 3.815191 3.816554 3.817947 3.819294 3.820535 3.821628 3.822545 3.823274 3.823817 3.824183 3.824390 3.824462 3.824424 3.824303 3.824124 3.823911 3.823682 3.823455 3.823241 3.823049 3.822885 3.822751 3.822646 
3.822542 3.822409 3.822245 3.822053 3.821837 3.821604 3.821368 3.821142 3.820948 3.820807 3.820746 3.820792 3.820972 3.821312 3.821834 3.822553 3.823472 3.824585 3.825870 3.827289 3.828788 3.830291 3.831712 3.832946 3.833881 3.834401 3.834391 3.833750 3.832392 3.830262 3.827339 3.823648 3.819261 3.814301 3.808945 3.803417 3.797984 3.792942 3.788606 3.785291 3.783291 3.782865 3.784212 3.787458 3.792638 3.799685 3.808428 3.818588 3.829793 3.841583 3.853437 3.864795 3.875087 3.883767 3.890345 3.894411 3.895669 3.893955 3.889250 3.881683 3.871536 3.859222 3.845272 3.830304 3.814989 3.800020 3.786070 3.773757 3.763609 3.756043 3.751337 3.749623 3.750882 3.754948 3.761525 3.770206 3.780498 3.791856 3.803709 3.815500 3.826704 3.836865 3.845608 3.852655 3.857834 3.861081 3.862428 3.862002 3.860002 3.856686 3.852350 3.847309 3.841876 3.836348 3.830992 3.826032 3.821645 3.817953 3.815031 3.812901 3.811543 3.810901 3.810892 3.811412 3.812347 3.813581 3.815001 3.816505 3.818003 3.819423 3.820708 3.821821 3.822740 3.823458 3.823980 3.824321 3.824501 3.824547 3.824486 3.824345 3.824150 3.823925 3.823688 3.823456 3.823240 3.823047 3.822884 3.822751 
3.822408 3.822245 3.822053 3.821836 3.821601 3.821358 3.821124 3.820917 3.820759 3.820677 3.820699 3.820854 3.821169 3.821669 3.822371 3.823286 3.824412 3.825731 3.827211 3.828801 3.830432 3.832016 3.833448 3.834614 3.835389 3.835647 3.835271 3.834157 3.832226 3.829434 3.825778 3.821304 3.816115 3.810366 3.804272 3.798095 3.792142 3.786745 3.782254 3.779010 3.777329 3.777479 3.779661 3.783989 3.790473 3.799013 3.809393 3.821280 3.834240 3.847746 3.861210 3.874004 3.885497 3.895086 3.902233 3.906498 3.907564 3.905261 3.899582 3.890685 3.878892 3.864673 3.848623 3.831434 3.813859 3.796670 3.780620 3.766400 3.754607 3.745711 3.740032 3.737729 3.738795 3.743059 3.750207 3.759796 3.771288 3.784083 3.797547 3.811053 3.824012 3.835900 3.846279 3.854820 3.861304 3.865631 3.867813 3.867964 3.866283 3.863039 3.858547 3.853151 3.847197 3.841021 3.834927 3.829178 3.823988 3.819515 3.815858 3.813066 3.811136 3.810021 3.809645 3.809904 3.810679 3.811844 3.813277 3.814861 3.816491 3.818081 3.819562 3.820881 3.822006 3.822921 3.823624 3.824124 3.824439 3.824594 3.824616 3.824534 3.824376 3.824169 3.823934 3.823692 3.823457 3.823239 3.823047 3.822885 
3.822244 3.822053 3.821836 3.821600 3.821354 3.821113 3.820896 3.820724 3.820625 3.820626 3.820757 3.821047 3.821524 3.822209 3.823115 3.824246 3.825589 3.827118 3.828787 3.830530 3.832263 3.833882 3.835270 3.836297 3.836828 3.836731 3.835886 3.834191 3.831578 3.828017 3.823526 3.818181 3.812116 3.805526 3.798665 3.791838 3.785392 3.779701 3.775146 3.772096 3.770884 3.771788 3.775003 3.780626 3.788640 3.798903 3.811147 3.824978 3.839892 3.855294 3.870518 3.884866 3.897638 3.908175 3.915891 3.920309 3.921096 3.918078 3.911263 3.900839 3.887176 3.870802 3.852387 3.832703 3.812589 3.792906 3.774491 3.758117 3.744453 3.734030 3.727215 3.724197 3.724983 3.729402 3.737117 3.747654 3.760427 3.774775 3.789999 3.805400 3.820315 3.834146 3.846390 3.856653 3.864667 3.870290 3.873505 3.874408 3.873197 3.870147 3.865591 3.859900 3.853455 3.846628 3.839767 3.833177 3.827111 3.821766 3.817276 3.813715 3.811102 3.809407 3.808562 3.808465 3.808996 3.810022 3.811410 3.813030 3.814763 3.816506 3.818174 3.819703 3.821047 3.822177 3.823084 3.823768 3.824245 3.824536 3.824667 3.824668 3.824568 3.824397 3.824180 3.823939 3.823693 3.823457 3.823240 3.823049 
3.822052 3.821837 3.821601 3.821354 3.821109 3.820885 3.820704 3.820590 3.820573 3.820683 3.820951 3.821405 3.822070 3.822964 3.824093 3.825452 3.827019 3.828752 3.830593 3.832459 3.834250 3.835848 3.837118 3.837920 3.838109 3.837549 3.836120 3.833728 3.830316 3.825875 3.820450 3.814148 3.807142 3.799669 3.792028 3.784569 3.777682 3.771781 3.767279 3.764573 3.764012 3.765874 3.770348 3.777507 3.787300 3.799536 3.813888 3.829894 3.846975 3.864456 3.881592 3.897609 3.911736 3.923252 3.931521 3.936035 3.936438 3.932560 3.924423 3.912254 3.896472 3.877672 3.856603 3.834125 3.811168 3.788690 3.767620 3.748821 3.733038 3.720869 3.712733 3.708855 3.709258 3.713771 3.722041 3.733557 3.747684 3.763700 3.780837 3.798317 3.815399 3.831405 3.845756 3.857993 3.867785 3.874945 3.879419 3.881281 3.880719 3.878013 3.873512 3.867611 3.860724 3.853265 3.845623 3.838151 3.831145 3.824843 3.819418 3.814976 3.811565 3.809172 3.807743 3.807184 3.807373 3.808175 3.809445 3.811042 3.812834 3.814700 3.816540 3.818274 3.819840 3.821199 3.822329 3.823222 3.823888 3.824342 3.824610 3.824720 3.824703 3.824589 3.824407 3.824183 3.823939 3.823692 3.823456 3.823241 
3.821838 3.821604 3.821358 3.821113 3.820885 3.820697 3.820572 3.820541 3.820633 3.820880 3.821313 3.821958 3.822837 3.823960 3.825327 3.826920 3.828705 3.830627 3.832610 3.834556 3.836346 3.837848 3.838913 3.839388 3.839124 3.837981 3.835844 3.832628 3.828297 3.822864 3.816406 3.809070 3.801070 3.792689 3.784274 3.776224 3.768973 3.762974 3.758676 3.756496 3.756795 3.759852 3.765839 3.774802 3.786647 3.801127 3.817847 3.836272 3.855739 3.875487 3.894688 3.912485 3.928033 3.940547 3.949342 3.953873 3.953771 3.948866 3.939202 3.925045 3.906870 3.885348 3.861310 3.835710 3.809582 3.783983 3.759945 3.738422 3.720248 3.706090 3.696427 3.691521 3.691419 3.695951 3.704746 3.717260 3.732808 3.750604 3.769805 3.789554 3.809021 3.827445 3.844166 3.858646 3.870490 3.879454 3.885441 3.888498 3.888797 3.886617 3.882318 3.876320 3.869069 3.861018 3.852604 3.844223 3.836223 3.828886 3.822429 3.816996 3.812664 3.809449 3.807312 3.806169 3.805905 3.806380 3.807445 3.808946 3.810737 3.812683 3.814666 3.816588 3.818373 3.819966 3.821332 3.822456 3.823334 3.823980 3.824413 3.824660 3.824752 3.824720 3.824596 3.824407 3.824180 3.823934 3.823688 3.823455 
3.821611 3.821368 3.821124 3.820896 3.820704 3.820572 3.820530 3.820608 3.820837 3.821251 3.821877 3.822738 3.823851 3.825219 3.826829 3.828652 3.830641 3.832722 3.834804 3.836770 3.838485 3.839800 3.840555 3.840587 3.839743 3.837885 3.834906 3.830737 3.825364 3.818830 3.811251 3.802813 3.793781 3.784487 3.775330 3.766757 3.759249 3.753299 3.749385 3.747946 3.749350 3.753869 3.761654 3.772716 3.786908 3.803921 3.823287 3.844384 3.866462 3.888668 3.910083 3.929763 3.946788 3.960306 3.969581 3.974036 3.973285 3.967163 3.955741 3.939328 3.918463 3.893895 3.866546 3.837474 3.807818 3.778746 3.751398 3.726829 3.705964 3.689551 3.678129 3.672008 3.671257 3.675711 3.684987 3.698505 3.715530 3.735210 3.756624 3.778830 3.800908 3.822006 3.841371 3.858385 3.872577 3.883639 3.891424 3.895943 3.897347 3.895907 3.891994 3.886044 3.878536 3.869963 3.860805 3.851512 3.842479 3.834042 3.826463 3.819929 3.814555 3.810387 3.807407 3.805550 3.804705 3.804738 3.805493 3.806808 3.808523 3.810489 3.812570 3.814652 3.816640 3.818464 3.820074 3.821441 3.822554 3.823416 3.824042 3.824455 3.824685 3.824763 3.824720 3.824589 3.824397 3.824169 3.823925 3.823682 
3.821382 3.821142 3.820917 3.820724 3.820590 3.820541 3.820608 3.820823 3.821219 3.821827 3.822671 3.823771 3.825133 3.826751 3.828602 3.830641 3.832803 3.835000 3.837120 3.839030 3.840577 3.841598 3.841922 3.841381 3.839818 3.837104 3.833144 3.827889 3.821353 3.813616 3.804836 3.795249 3.785168 3.774981 3.765141 3.756146 3.748522 3.742802 3.739491 3.739044 3.741832 3.748113 3.758010 3.771490 3.788348 3.808203 3.830502 3.854535 3.879452 3.904305 3.928076 3.949735 3.968278 3.982790 3.992481 3.996742 3.995175 3.987623 3.974187 3.955225 3.931345 3.903380 3.872353 3.839430 3.805863 3.772939 3.741912 3.713948 3.690068 3.671106 3.657670 3.650118 3.648551 3.652812 3.662503 3.677014 3.695558 3.717216 3.740988 3.765840 3.790758 3.814790 3.837090 3.856945 3.873802 3.887282 3.897180 3.903461 3.906248 3.905801 3.902491 3.896770 3.889147 3.880152 3.870311 3.860125 3.850044 3.840456 3.831676 3.823940 3.817404 3.812149 3.808188 3.805474 3.803912 3.803371 3.803695 3.804716 3.806263 3.808172 3.810292 3.812489 3.814652 3.816691 3.818542 3.820160 3.821522 3.822622 3.823466 3.824074 3.824470 3.824685 3.824752 3.824703 3.824568 3.824376 3.824150 3.823911 
3.821168 3.820948 3.820759 3.820625 3.820573 3.820633 3.820837 3.821219 3.821810 3.822637 3.823721 3.825073 3.826692 3.828558 3.830634 3.832859 3.835151 3.837403 3.839483 3.841242 3.842511 3.843114 3.842871 3.841611 3.839182 3.835464 3.830379 3.823907 3.816096 3.807066 3.797024 3.786258 3.775138 3.764109 3.753679 3.744399 3.736840 3.731569 3.729119 3.729953 3.734438 3.742815 3.755168 3.771412 3.791274 3.814293 3.839825 3.867059 3.895044 3.922726 3.948989 3.972706 3.992795 4.008269 4.018289 4.022216 4.019641 4.010420 3.994687 3.972855 3.945609 3.913872 3.878771 3.841590 3.803703 3.766521 3.731421 3.699684 3.672437 3.650606 3.634873 3.625652 3.623077 3.627003 3.637024 3.652498 3.672586 3.696304 3.722566 3.750248 3.778234 3.805468 3.831000 3.854019 3.873881 3.890124 3.902478 3.910854 3.915340 3.916174 3.913724 3.908453 3.900894 3.891614 3.881184 3.870155 3.859035 3.848269 3.838226 3.829197 3.821385 3.814914 3.809829 3.806111 3.803682 3.802422 3.802179 3.802782 3.804051 3.805809 3.807890 3.810141 3.812433 3.814659 3.816735 3.818601 3.820219 3.821572 3.822656 3.823483 3.824074 3.824455 3.824660 3.824720 3.824668 3.824534 3.824345 3.824124 
3.820989 3.820807 3.820677 3.820626 3.820683 3.820880 3.821251 3.821827 3.822637 3.823704 3.825043 3.826655 3.828526 3.830625 3.832896 3.835262 3.837622 3.839849 3.841794 3.843288 3.844151 3.844195 3.843235 3.841101 3.837650 3.832776 3.826427 3.818615 3.809426 3.799030 3.787687 3.775741 3.763623 3.751838 3.740951 3.731562 3.724289 3.719731 3.718438 3.720881 3.727416 3.738253 3.753434 3.772810 3.796032 3.822550 3.851620 3.882324 3.913602 3.944288 3.973163 3.999003 4.020642 4.037024 4.047264 4.050689 4.046888 4.035730 4.017390 3.992341 3.961349 3.925435 3.885840 3.843968 3.801325 3.759453 3.719858 3.683944 3.652951 3.627903 3.609563 3.598405 3.594603 3.598029 3.608268 3.624651 3.646290 3.672130 3.701005 3.731691 3.762968 3.793673 3.822742 3.849261 3.872483 3.891859 3.907040 3.917877 3.924411 3.926855 3.925562 3.921004 3.913730 3.904342 3.893454 3.881670 3.869552 3.857606 3.846262 3.835867 3.826678 3.818866 3.812517 3.807643 3.804191 3.802058 3.801098 3.801142 3.802005 3.803499 3.805444 3.807670 3.810030 3.812397 3.814668 3.816766 3.818638 3.820250 3.821589 3.822656 3.823466 3.824042 3.824413 3.824610 3.824667 3.824616 3.824486 3.824303 
3.820868 3.820746 3.820699 3.820757 3.820951 3.821313 3.821877 3.822671 3.823721 3.825043 3.826642 3.828510 3.830617 3.832917 3.835338 3.837782 3.840129 3.842233 3.843926 3.845025 3.845337 3.844667 3.842829 3.839659 3.835026 3.828847 3.821100 3.811834 3.801185 3.789374 3.776717 3.763624 3.750588 3.738174 3.727003 3.717729 3.711008 3.707467 3.707673 3.712092 3.721062 3.734757 3.753162 3.776059 3.803012 3.833373 3.866289 3.900728 3.935513 3.969365 4.000955 4.028961 4.052132 4.069345 4.079664 4.082394 4.077118 4.063728 4.042442 4.013802 3.978657 3.938136 3.893598 3.846577 3.798716 3.751695 3.707156 3.666635 3.631491 3.602850 3.581564 3.568174 3.562898 3.565628 3.575948 3.593161 3.616331 3.644338 3.675927 3.709779 3.744564 3.779004 3.811920 3.842280 3.869234 3.892131 3.910536 3.924230 3.933200 3.937620 3.937826 3.934285 3.927564 3.918290 3.907119 3.894705 3.881668 3.868575 3.855919 3.844108 3.833458 3.824193 3.816446 3.810267 3.805634 3.802463 3.800625 3.799955 3.800267 3.801367 3.803060 3.805163 3.807510 3.809955 3.812375 3.814675 3.816783 3.818650 3.820250 3.821572 3.822622 3.823416 3.823980 3.824342 3.824536 3.824594 3.824547 3.824424 
3.820831 3.820792 3.820854 3.821047 3.821405 3.821958 3.822738 3.823771 3.825073 3.826655 3.828510 3.830615 3.832927 3.835382 3.837887 3.840327 3.842561 3.844423 3.845731 3.846287 3.845889 3.844338 3.841453 3.837079 3.831107 3.823480 3.814213 3.803401 3.791231 3.777984 3.764040 3.749871 3.736037 3.723166 3.711934 3.703044 3.697188 3.695017 3.697103 3.703905 3.715731 3.732708 3.754759 3.781582 3.812647 3.847198 3.884266 3.922697 3.961192 3.998353 4.032740 4.062930 4.087587 4.105522 4.115753 4.117563 4.110534 4.094587 4.069989 4.037352 3.997622 3.952037 3.902083 3.849429 3.795863 3.743210 3.693255 3.647670 3.607940 3.575304 3.550705 3.534758 3.527730 3.529539 3.539771 3.557706 3.582363 3.612553 3.646939 3.684100 3.722596 3.761027 3.798095 3.832645 3.863711 3.890534 3.912584 3.929561 3.941387 3.948189 3.950276 3.948105 3.942249 3.933358 3.922127 3.909255 3.895421 3.881253 3.867308 3.854061 3.841891 3.831080 3.821813 3.814186 3.808213 3.803840 3.800955 3.799404 3.799006 3.799562 3.800870 3.802732 3.804966 3.807406 3.809911 3.812365 3.814678 3.816783 3.818638 3.820219 3.821522 3.822554 3.823334 3.823888 3.824245 3.824439 3.824501 3.824462 
3.820903 3.820972 3.821169 3.821524 3.822070 3.822837 3.823851 3.825133 3.826692 3.828526 3.830617 3.832927 3.835396 3.837939 3.840445 3.842778 3.844778 3.846263 3.847034 3.846883 3.845603 3.842998 3.838892 3.833151 3.825688 3.816484 3.805595 3.793169 3.779450 3.764784 3.749616 3.734489 3.720027 3.706920 3.695901 3.687714 3.683085 3.682681 3.687073 3.696702 3.711836 3.732547 3.758682 3.789848 3.825412 3.864498 3.906015 3.948682 3.991071 4.031662 4.068900 4.101263 4.127330 4.145846 4.155789 4.156421 4.147332 4.128472 4.100164 4.063102 4.018327 3.967197 3.911329 3.852537 3.792756 3.733963 3.678095 3.626965 3.582191 3.545128 3.516821 3.497961 3.488872 3.489503 3.499446 3.517963 3.544029 3.576393 3.613631 3.654222 3.696611 3.739277 3.780794 3.819881 3.855444 3.886611 3.912746 3.933457 3.948591 3.958219 3.962612 3.962208 3.957579 3.949392 3.938373 3.925266 3.910804 3.895676 3.880509 3.865842 3.852123 3.839698 3.828809 3.819604 3.812141 3.806400 3.802295 3.799689 3.798410 3.798259 3.799030 3.800514 3.802514 3.804848 3.807354 3.809897 3.812365 3.814675 3.816766 3.818601 3.820160 3.821441 3.822456 3.823222 3.823768 3.824124 3.824321 3.824390 
3.821110 3.821312 3.821669 3.822209 3.822964 3.823960 3.825219 3.826751 3.828558 3.830625 3.832917 3.835382 3.837939 3.840484 3.842887 3.844992 3.846619 3.847572 3.847639 3.846607 3.844266 3.840428 3.834932 3.827666 3.818576 3.807684 3.795098 3.781022 3.765764 3.749737 3.733458 3.717540 3.702672 3.689605 3.679125 3.672014 3.669024 3.670830 3.677994 3.690927 3.709850 3.734767 3.765439 3.801374 3.841821 3.885781 3.932031 3.979157 4.025600 4.069712 4.109826 4.144317 4.171682 4.190605 4.200025 4.199188 4.187697 4.165539 4.133098 4.091151 4.040849 3.983669 3.921369 3.855910 3.789383 3.723924 3.661623 3.604444 3.554141 3.512195 3.479754 3.457596 3.446105 3.445268 3.454687 3.473610 3.500976 3.535467 3.575580 3.619693 3.666135 3.713261 3.759512 3.803472 3.843919 3.879854 3.910526 3.935443 3.954366 3.967299 3.974463 3.976269 3.973278 3.966168 3.955687 3.942621 3.927753 3.911834 3.895556 3.879529 3.864271 3.850195 3.837609 3.826717 3.817627 3.810361 3.804865 3.801026 3.798686 3.797654 3.797721 3.798674 3.800301 3.802406 3.804809 3.807354 3.809911 3.812375 3.814668 3.816735 3.818542 3.820074 3.821332 3.822329 3.823084 3.823624 3.823980 3.824183 
3.821476 3.821834 3.822371 3.823115 3.824093 3.825327 3.826829 3.828602 3.830634 3.832896 3.835338 3.837887 3.840445 3.842887 3.845063 3.846797 3.847896 3.848147 3.847333 3.845237 3.841654 3.836407 3.829358 3.820425 3.809593 3.796932 3.782606 3.766884 3.750141 3.732863 3.715639 3.699151 3.684157 3.671464 3.661904 3.656295 3.655403 3.659906 3.670345 3.687091 3.710308 3.739918 3.775589 3.816716 3.862425 3.911583 3.962830 4.014613 4.065237 4.112930 4.155906 4.192444 4.220958 4.240075 4.248699 4.246068 4.231801 4.205929 4.168903 4.121592 4.065254 4.001500 3.932229 3.859557 3.785736 3.713064 3.643793 3.580039 3.523701 3.476389 3.439363 3.413491 3.399225 3.396594 3.405218 3.424335 3.452849 3.489387 3.532363 3.580055 3.630680 3.682462 3.733710 3.782868 3.828576 3.869703 3.905374 3.934985 3.958201 3.974948 3.985387 3.989889 3.988998 3.983389 3.973828 3.961136 3.946141 3.929654 3.912430 3.895152 3.878409 3.862687 3.848361 3.835700 3.824868 3.815934 3.808886 3.803639 3.800056 3.797959 3.797145 3.797397 3.798495 3.800230 3.802406 3.804848 3.807406 3.809955 3.812397 3.814659 3.816691 3.818464 3.819966 3.821199 3.822177 3.822921 3.823458 3.823817 
3.822018 3.822553 3.823286 3.824246 3.825452 3.826920 3.828652 3.830641 3.832859 3.835262 3.837782 3.840327 3.842778 3.844992 3.846797 3.848004 3.848403 3.847773 3.845893 3.842547 3.837543 3.830722 3.821974 3.811253 3.798592 3.784115 3.768050 3.750732 3.732611 3.714247 3.696302 3.679528 3.664746 3.652819 3.644617 3.640985 3.642700 3.650427 3.664678 3.685773 3.713804 3.748606 3.789738 3.836474 3.887806 3.942465 3.998945 4.055550 4.110449 4.161740 4.207525 4.245985 4.275457 4.294516 4.302034 4.297248 4.279801 4.249770 4.207681 4.154499 4.091600 4.020728 3.943932 3.863486 3.781807 3.701361 3.624564 3.553693 3.490794 3.437612 3.395523 3.365492 3.348044 3.343259 3.350777 3.369835 3.399308 3.437768 3.483553 3.534844 3.589743 3.646348 3.702827 3.757486 3.808819 3.855555 3.896687 3.931488 3.959520 3.980615 3.994866 4.002593 4.004307 4.000676 3.992474 3.980546 3.965764 3.948991 3.931046 3.912681 3.894560 3.877243 3.861177 3.846701 3.834040 3.823319 3.814571 3.807749 3.802745 3.799400 3.797519 3.796890 3.797288 3.798495 3.800301 3.802514 3.804966 3.807510 3.810030 3.812433 3.814652 3.816640 3.818373 3.819840 3.821047 3.822006 3.822740 3.823274 
3.822748 3.823472 3.824412 3.825589 3.827019 3.828705 3.830641 3.832803 3.835151 3.837622 3.840129 3.842561 3.844778 3.846619 3.847896 3.848403 3.847921 3.846224 3.843090 3.838315 3.831722 3.823177 3.812607 3.800009 3.785469 3.769175 3.751419 3.732612 3.713277 3.694053 3.675673 3.658959 3.644791 3.634078 3.627728 3.626601 3.631472 3.642987 3.661615 3.687613 3.720991 3.761483 3.808530 3.861276 3.918574 3.979005 4.040918 4.102470 4.161693 4.216557 4.265052 4.305264 4.335461 4.354165 4.360230 4.352893 4.331827 4.297165 4.249511 4.189933 4.119929 4.041383 3.956494 3.867702 3.777591 3.688799 3.603910 3.525363 3.455360 3.395782 3.348128 3.313466 3.292399 3.285063 3.291127 3.309832 3.340029 3.380241 3.428736 3.483600 3.542822 3.604375 3.666287 3.726719 3.784017 3.836763 3.883810 3.924301 3.957679 3.983678 4.002306 4.013820 4.018692 4.017565 4.011214 4.000502 3.986334 3.969620 3.951240 3.932015 3.912681 3.893874 3.876118 3.859823 3.845284 3.832686 3.822115 3.813571 3.806978 3.802202 3.799069 3.797372 3.796890 3.797397 3.798674 3.800514 3.802732 3.805163 3.807670 3.810141 3.812489 3.814652 3.816588 3.818274 3.819703 3.820881 3.821821 3.822545 
3.823665 3.824585 3.825731 3.827118 3.828752 3.830627 3.832722 3.835000 3.837403 3.839849 3.842233 3.844423 3.846263 3.847572 3.848147 3.847773 3.846224 3.843272 3.838705 3.832332 3.824000 3.813608 3.801124 3.786599 3.770178 3.752113 3.732773 3.712642 3.692324 3.672530 3.654069 3.637825 3.624733 3.615745 3.611792 3.613743 3.622360 3.638256 3.661846 3.693313 3.732573 3.779245 3.832646 3.891779 3.955350 4.021789 4.089293 4.155871 4.219418 4.277779 4.328833 4.370580 4.401220 4.419233 4.423456 4.413137 4.387984 4.348192 4.294451 4.227935 4.150270 4.063481 3.969925 3.872208 3.773085 3.675367 3.581812 3.495023 3.417358 3.350842 3.297101 3.257308 3.232155 3.221837 3.226059 3.244073 3.274712 3.316459 3.367514 3.425875 3.489421 3.556000 3.623503 3.689943 3.753514 3.812647 3.866047 3.912720 3.951979 3.983447 4.007037 4.022933 4.031550 4.033501 4.029548 4.020559 4.007468 3.991224 3.972763 3.952969 3.932650 3.912520 3.893179 3.875115 3.858694 3.844169 3.831685 3.821293 3.812961 3.806587 3.802020 3.799069 3.797519 3.797145 3.797721 3.799030 3.800870 3.803060 3.805444 3.807890 3.810292 3.812570 3.814666 3.816540 3.818174 3.819562 3.820708 3.821628 
3.824758 3.825870 3.827211 3.828787 3.830593 3.832610 3.834804 3.837120 3.839483 3.841794 3.843926 3.845731 3.847034 3.847639 3.847333 3.845893 3.843090 3.838705 3.832537 3.824417 3.814222 3.801893 3.787447 3.770992 3.752739 3.733013 3.712257 3.691036 3.670031 3.650028 3.631906 3.616608 3.605116 3.598416 3.597455 3.603097 3.616081 3.636974 3.666125 3.703629 3.749296 3.802623 3.862790 3.928653 3.998765 4.071401 4.144601 4.216232 4.284048 4.345774 4.399185 4.442197 4.472950 4.489891 4.491846 4.478080 4.448344 4.402901 4.342532 4.268523 4.182631 4.087027 3.984227 3.877004 3.768289 3.661065 3.558266 3.462662 3.376770 3.302761 3.242392 3.196949 3.167213 3.153447 3.155402 3.172342 3.203095 3.246107 3.299519 3.361244 3.429061 3.500691 3.573892 3.646527 3.716639 3.782503 3.842669 3.895997 3.941664 3.979168 4.008319 4.029212 4.042196 4.047838 4.046876 4.040176 4.028685 4.013387 3.995264 3.975262 3.954256 3.933035 3.912280 3.892554 3.874301 3.857845 3.843399 3.831071 3.820876 3.812756 3.806587 3.802202 3.799400 3.797959 3.797654 3.798259 3.799562 3.801367 3.803499 3.805809 3.808172 3.810489 3.812683 3.814700 3.816506 3.818081 3.819423 3.820535 
3.825999 3.827289 3.828801 3.830530 3.832459 3.834556 3.836770 3.839030 3.841242 3.843288 3.845025 3.846287 3.846883 3.846607 3.845237 3.842547 3.838315 3.832332 3.824417 3.814429 3.802286 3.787973 3.771565 3.753233 3.733260 3.712045 3.690113 3.668105 3.646781 3.627000 3.609705 3.595891 3.586583 3.582786 3.585453 3.595433 3.613429 3.639947 3.675259 3.719360 3.771942 3.832371 3.899680 3.972573 4.049444 4.128409 4.207355 4.284003 4.355974 4.420874 4.476382 4.520336 4.550825 4.566267 4.565488 4.547778 4.512938 4.461305 4.393754 4.311690 4.217001 4.112010 3.999392 3.882088 3.763204 3.645901 3.533283 3.428291 3.333603 3.251538 3.183988 3.132354 3.097514 3.079805 3.079026 3.094468 3.124957 3.168911 3.224419 3.289319 3.361290 3.437937 3.516884 3.595849 3.672719 3.745612 3.812921 3.873350 3.925933 3.970034 4.005346 4.031864 4.049860 4.059840 4.062507 4.058710 4.049401 4.035588 4.018292 3.998511 3.977187 3.955180 3.933247 3.912033 3.892059 3.873727 3.857319 3.843007 3.830863 3.820876 3.812961 3.806978 3.802745 3.800056 3.798686 3.798410 3.799006 3.800267 3.802005 3.804051 3.806263 3.808523 3.810737 3.812834 3.814763 3.816491 3.818003 3.819294 
3.827345 3.828788 3.830432 3.832263 3.834250 3.836346 3.838485 3.840577 3.842511 3.844151 3.845337 3.845889 3.845603 3.844266 3.841654 3.837543 3.831722 3.824000 3.814222 3.802286 3.788152 3.771861 3.753549 3.733457 3.711943 3.689485 3.666687 3.644270 3.623069 3.604010 3.588095 3.576366 3.569874 3.569639 3.576606 3.591596 3.615261 3.648036 3.690101 3.741340 3.801316 3.869254 3.944034 4.024202 4.107989 4.193354 4.278030 4.359594 4.435538 4.503359 4.560644 4.605163 4.634959 4.648436 4.644423 4.622245 4.581758 4.523378 4.448084 4.357399 4.253348 4.138404 4.015402 3.887454 3.757838 3.629890 3.506889 3.391944 3.287894 3.197209 3.121915 3.063535 3.023048 3.000869 2.996857 3.010333 3.040130 3.084649 3.141933 3.209754 3.285699 3.367263 3.451939 3.537304 3.621091 3.701259 3.776039 3.843977 3.903953 3.955192 3.997256 4.030032 4.053696 4.068686 4.075653 4.075419 4.068927 4.057198 4.041282 4.022224 4.001023 3.978606 3.955808 3.933350 3.911835 3.891744 3.873432 3.857141 3.843007 3.831071 3.821293 3.813571 3.807749 3.803639 3.801026 3.799689 3.799404 3.799955 3.801142 3.802782 3.804716 3.806808 3.808946 3.811042 3.813030 3.814861 3.816505 3.817947 
3.828738 3.830291 3.832016 3.833882 3.835848 3.837848 3.839800 3.841598 3.843114 3.844195 3.844667 3.844338 3.842998 3.840428 3.836407 3.830722 3.823177 3.813608 3.801893 3.787973 3.771861 3.753658 3.733566 3.711902 3.689099 3.665718 3.642441 3.620068 3.599502 3.581734 3.567815 3.558822 3.555827 3.559850 3.571814 3.592499 3.622492 3.662146 3.711534 3.770419 3.838226 3.914029 3.996552 4.084176 4.174970 4.266733 4.357050 4.443358 4.523027 4.593449 4.652130 4.696780 4.725410 4.736412 4.728632 4.701435 4.654741 4.589051 4.505450 4.405582 4.291612 4.166162 4.032230 3.893092 3.752200 3.613063 3.479130 3.353680 3.239711 3.139843 3.056241 2.990552 2.943857 2.916660 2.908881 2.919882 2.948513 2.993163 3.051844 3.122266 3.201935 3.288242 3.378559 3.470323 3.561117 3.648741 3.731263 3.807067 3.874874 3.933759 3.983147 4.022801 4.052794 4.073479 4.085443 4.089465 4.086471 4.077478 4.063558 4.045791 4.025225 4.002852 3.979575 3.956194 3.933391 3.911727 3.891635 3.873432 3.857319 3.843399 3.831685 3.822115 3.814571 3.808886 3.804865 3.802295 3.800955 3.800625 3.801098 3.802179 3.803695 3.805493 3.807445 3.809445 3.811410 3.813277 3.815001 3.816554 
3.830102 3.831712 3.833448 3.835270 3.837118 3.838913 3.840555 3.841922 3.842871 3.843235 3.842829 3.841453 3.838892 3.834932 3.829358 3.821974 3.812607 3.801124 3.787447 3.771565 3.753549 3.733566 3.711891 3.688916 3.665155 3.641249 3.617957 3.596152 3.576805 3.560958 3.549705 3.544149 3.545367 3.554367 3.572038 3.599103 3.636075 3.683206 3.740454 3.807449 3.883469 3.967433 4.057900 4.153088 4.250902 4.348985 4.444776 4.535578 4.618650 4.691287 4.750922 4.795218 4.822160 4.830141 4.818033 4.785247 4.731774 4.658207 4.565738 4.456137 4.331708 4.195222 4.049834 3.898989 3.746304 3.595458 3.450071 3.313585 3.189155 3.079555 2.987086 2.913519 2.860046 2.827260 2.815152 2.823133 2.850075 2.894371 2.954006 3.026643 3.109714 3.200517 3.296307 3.394391 3.492205 3.587392 3.677859 3.761824 3.837844 3.904839 3.962087 4.009218 4.046189 4.073255 4.090925 4.099925 4.101144 4.095588 4.084334 4.068488 4.049140 4.027336 4.004044 3.980137 3.956377 3.933402 3.911727 3.891744 3.873727 3.857845 3.844169 3.832686 3.823319 3.815934 3.810361 3.806400 3.803840 3.802463 3.802058 3.802422 3.803371 3.804738 3.806380 3.808175 3.810022 3.811844 3.813581 3.815191 
3.831347 3.832946 3.834614 3.836297 3.837920 3.839388 3.840587 3.841381 3.841611 3.841101 3.839659 3.837079 3.833151 3.827666 3.820425 3.811253 3.800009 3.786599 3.770992 3.753233 3.733457 3.711902 3.688916 3.664971 3.640661 3.616704 3.593936 3.573296 3.555812 3.542574 3.534704 3.533320 3.539493 3.554202 3.578290 3.612410 3.656983 3.712153 3.777749 3.853260 3.937810 4.030156 4.128691 4.231466 4.336229 4.440469 4.541484 4.636454 4.722532 4.796929 4.857016 4.900419 4.925110 4.929491 4.912468 4.873510 4.812683 4.730675 4.628790 4.508925 4.373520 4.225496 4.068163 3.905126 3.740167 3.577129 3.419797 3.271772 3.136368 3.016502 2.914618 2.832610 2.771783 2.732824 2.715802 2.720183 2.744873 2.788277 2.848364 2.922761 3.008839 3.103809 3.204824 3.309063 3.413826 3.516602 3.615137 3.707482 3.792032 3.867543 3.933140 3.988310 4.032883 4.067003 4.091090 4.105800 4.111973 4.110589 4.102719 4.089481 4.071997 4.051357 4.028588 4.004632 3.980322 3.956377 3.933391 3.911835 3.892059 3.874301 3.858694 3.845284 3.834040 3.824868 3.817627 3.812141 3.808213 3.805634 3.804191 3.803682 3.803912 3.804705 3.805905 3.807373 3.808996 3.810679 3.812347 3.813945 
3.832374 3.833881 3.835389 3.836828 3.838109 3.839124 3.839743 3.839818 3.839182 3.837650 3.835026 3.831107 3.825688 3.818576 3.809593 3.798592 3.785469 3.770178 3.752739 3.733260 3.711943 3.689099 3.665155 3.640661 3.616289 3.592833 3.571196 3.552380 3.537461 3.527565 3.523832 3.527379 3.539259 3.560409 3.591609 3.633430 3.686189 3.749908 3.824280 3.908641 4.001958 4.102822 4.209458 4.319757 4.431306 4.541449 4.647352 4.746082 4.834695 4.910331 4.970311 5.012235 5.034072 5.034246 5.011707 4.965985 4.897230 4.806229 4.694400 4.563766 4.416903 4.256878 4.087151 3.911482 3.733811 3.558142 3.388415 3.228389 3.081527 2.950893 2.839064 2.748063 2.679308 2.633586 2.611047 2.611221 2.633058 2.674982 2.734962 2.810598 2.899211 2.997941 3.103844 3.213987 3.325536 3.435834 3.542471 3.643334 3.736651 3.821013 3.895385 3.959104 4.011863 4.053683 4.084883 4.106034 4.117913 4.121461 4.117728 4.107832 4.092913 4.074097 4.052460 4.029004 4.004632 3.980137 3.956194 3.933350 3.912033 3.892554 3.875115 3.859823 3.846701 3.835700 3.826717 3.819604 3.814186 3.810267 3.807643 3.806111 3.805474 3.805550 3.806169 3.807184 3.808465 3.809904 3.811412 3.812919 
3.833074 3.834401 3.835647 3.836731 3.837549 3.837981 3.837885 3.837104 3.835464 3.832776 3.828847 3.823480 3.816484 3.807684 3.796932 3.784115 3.769175 3.752113 3.733013 3.712045 3.689485 3.665718 3.641249 3.616704 3.592833 3.570497 3.550664 3.534387 3.522781 3.516994 3.518173 3.527422 3.545757 3.574062 3.613040 3.663164 3.724638 3.797350 3.880847 3.974311 4.076541 4.185964 4.300640 4.418297 4.536373 4.652073 4.762442 4.864441 4.955046 5.031336 5.090595 5.130410 5.148760 5.144099 5.115430 5.062354 4.985109 4.884584 4.762311 4.620439 4.461679 4.289235 4.106716 3.918029 3.727264 3.538577 3.356057 3.183614 3.024854 2.882982 2.760709 2.660184 2.582939 2.529863 2.501194 2.496533 2.514883 2.554697 2.613957 2.690246 2.780851 2.882851 2.993219 3.108920 3.226996 3.344653 3.459329 3.568751 3.670982 3.764445 3.847943 3.920655 3.982128 4.032253 4.071231 4.099536 4.117871 4.127120 4.128299 4.122512 4.110906 4.094629 4.074796 4.052460 4.028588 4.004044 3.979575 3.955808 3.933247 3.912280 3.893179 3.876118 3.861177 3.848361 3.837609 3.828809 3.821813 3.816446 3.812517 3.809829 3.808188 3.807407 3.807312 3.807743 3.808562 3.809645 3.810892 3.812219 
3.833342 3.834391 3.835271 3.835886 3.836120 3.835844 3.834906 3.833144 3.830379 3.826427 3.821100 3.814213 3.805595 3.795098 3.782606 3.768050 3.751419 3.732773 3.712257 3.690113 3.666687 3.642441 3.617957 3.593936 3.571196 3.550664 3.533361 3.520381 3.512868 3.511979 3.518853 3.534566 3.560086 3.596226 3.643600 3.702572 3.773218 3.855286 3.948171 4.050890 4.162081 4.280001 4.402549 4.527298 4.651542 4.772359 4.886681 4.991381 5.083364 5.159663 5.217539 5.254578 5.268781 5.258644 5.223231 5.162221 5.075943 4.965391 4.832214 4.678681 4.507635 4.322415 4.126766 3.924735 3.720557 3.518527 3.322878 3.137657 2.966611 2.813079 2.679902 2.569350 2.483072 2.422062 2.386648 2.376512 2.390715 2.427754 2.485630 2.561929 2.653911 2.758611 2.872933 2.993750 3.117995 3.242744 3.365292 3.483212 3.594402 3.697122 3.790006 3.872075 3.942720 4.001692 4.049066 4.085207 4.110727 4.126439 4.133314 4.132425 4.124912 4.111932 4.094629 4.074097 4.051357 4.027336 4.002852 3.978606 3.955180 3.933035 3.912520 3.893874 3.877243 3.862687 3.850195 3.839698 3.831080 3.824193 3.818866 3.814914 3.812149 3.810387 3.809449 3.809172 3.809407 3.810021 3.810901 3.811951 
3.833076 3.833750 3.834157 3.834191 3.833728 3.832628 3.830737 3.827889 3.823907 3.818615 3.811834 3.803401 3.793169 3.781022 3.766884 3.750732 3.732612 3.712642 3.691036 3.668105 3.644270 3.620068 3.596152 3.573296 3.552380 3.534387 3.520381 3.511488 3.508865 3.513667 3.527011 3.549928 3.583324 3.627929 3.684253 3.752541 3.832731 3.924424 4.026855 4.138878 4.258965 4.385208 4.515351 4.646819 4.776772 4.902170 5.019849 5.126603 5.219284 5.294893 5.350682 5.384250 5.393631 5.377374 5.334610 5.265104 5.169281 5.048241 4.903745 4.738185 4.554527 4.356237 4.147191 3.931566 3.713727 3.498102 3.289055 3.090765 2.907107 2.741547 2.597052 2.476012 2.380189 2.310682 2.267919 2.251662 2.261043 2.294610 2.350400 2.426008 2.518689 2.625444 2.743122 2.868521 2.998474 3.129941 3.260084 3.386328 3.506414 3.618438 3.720869 3.812562 3.892752 3.961039 4.017364 4.061969 4.095365 4.118282 4.131625 4.136428 4.133804 4.124912 4.110906 4.092913 4.071997 4.049140 4.025225 4.001023 3.977187 3.954256 3.932650 3.912681 3.894560 3.878409 3.864271 3.852123 3.841891 3.833458 3.826678 3.821385 3.817404 3.814555 3.812664 3.811565 3.811102 3.811136 3.811543 3.812217 
3.832190 3.832392 3.832226 3.831578 3.830316 3.828297 3.825364 3.821353 3.816096 3.809426 3.801185 3.791231 3.779450 3.765764 3.750141 3.732611 3.713277 3.692324 3.670031 3.646781 3.623069 3.599502 3.576805 3.555812 3.537461 3.522781 3.512868 3.508865 3.511931 3.523205 3.543763 3.574582 3.616491 3.670122 3.735870 3.813850 3.903856 4.005335 4.117358 4.238617 4.367418 4.501697 4.639045 4.776750 4.911851 5.041203 5.161558 5.269650 5.362291 5.436465 5.489431 5.518812 5.522689 5.499672 5.448971 5.370438 5.264597 5.132656 4.976488 4.798600 4.602075 4.390499 4.167867 3.938478 3.706815 3.477425 3.254793 3.043218 2.846693 2.668805 2.512637 2.380695 2.274855 2.196322 2.145621 2.122604 2.126481 2.155862 2.208827 2.283002 2.375642 2.483735 2.604090 2.733442 2.868543 3.006248 3.143596 3.277875 3.406676 3.527935 3.639958 3.741436 3.831442 3.909422 3.975171 4.028802 4.070710 4.101530 4.122088 4.133361 4.136428 4.132425 4.122512 4.107832 4.089481 4.068488 4.045791 4.022224 3.998511 3.975262 3.952969 3.932015 3.912681 3.895152 3.879529 3.865842 3.854061 3.844108 3.835867 3.829197 3.823940 3.819929 3.816996 3.814976 3.813715 3.813066 3.812901 3.813103 
3.830620 3.830262 3.829434 3.828017 3.825875 3.822864 3.818830 3.813616 3.807066 3.799030 3.789374 3.777984 3.764784 3.749737 3.732863 3.714247 3.694053 3.672530 3.650028 3.627000 3.604010 3.581734 3.560958 3.542574 3.527565 3.516994 3.511979 3.513667 3.523205 3.541696 3.570170 3.609530 3.660513 3.723644 3.799195 3.887138 3.987118 4.098423 4.219963 4.350266 4.487479 4.629384 4.773433 4.916787 5.056377 5.188968 5.311244 5.419894 5.511706 5.583665 5.633047 5.657518 5.655213 5.624815 5.565619 5.477568 5.361290 5.218097 5.049971 4.859529 4.649965 4.424974 4.188659 3.945426 3.699867 3.456634 3.220319 2.995328 2.785764 2.595322 2.427196 2.284002 2.167725 2.079674 2.020477 1.990080 1.987775 2.012246 2.061628 2.133587 2.225399 2.334049 2.456325 2.588916 2.728505 2.871860 3.015909 3.157814 3.295026 3.425329 3.546870 3.658175 3.758155 3.846098 3.921648 3.984780 4.035763 4.075123 4.103596 4.122088 4.131625 4.133314 4.128299 4.117728 4.102719 4.084334 4.063558 4.041282 4.018292 3.995264 3.972763 3.951240 3.931046 3.912430 3.895556 3.880509 3.867308 3.855919 3.846262 3.838226 3.831676 3.826463 3.822429 3.819418 3.817276 3.815858 3.815031 3.814673 
3.828334 3.827339 3.825778 3.823526 3.820450 3.816406 3.811251 3.804836 3.797024 3.787687 3.776717 3.764040 3.749616 3.733458 3.715639 3.696302 3.675673 3.654069 3.631906 3.609705 3.588095 3.567815 3.549705 3.534704 3.523832 3.518173 3.518853 3.527011 3.543763 3.570170 3.607193 3.655652 3.716181 3.789186 3.874803 3.972861 4.082849 4.203895 4.334747 4.473773 4.618968 4.767972 4.918106 5.066419 5.209745 5.344779 5.468153 5.576527 5.666682 5.735618 5.780647 5.799486 5.790339 5.751970 5.683761 5.585756 5.458683 5.303959 5.123669 4.920535 4.697850 4.459410 4.209413 3.952360 3.692933 3.435880 3.185883 2.947442 2.724758 2.521624 2.341334 2.186609 2.059537 1.961532 1.893323 1.854953 1.845806 1.864645 1.909675 1.978611 2.068766 2.177139 2.300513 2.435547 2.578874 2.727186 2.877320 3.026324 3.171519 3.310546 3.441398 3.562443 3.672432 3.770489 3.856107 3.929112 3.989641 4.038100 4.075123 4.101530 4.118282 4.126439 4.127120 4.121461 4.110589 4.095588 4.077478 4.057198 4.035588 4.013387 3.991224 3.969620 3.948991 3.929654 3.911834 3.895676 3.881253 3.868575 3.857606 3.848269 3.840456 3.834042 3.828886 3.824843 3.821766 3.819515 3.817953 3.816959 
3.825335 3.823648 3.821304 3.818181 3.814148 3.809070 3.802813 3.795249 3.786258 3.775741 3.763624 3.749871 3.734489 3.717540 3.699151 3.679528 3.658959 3.637825 3.616608 3.595891 3.576366 3.558822 3.544149 3.533320 3.527379 3.527422 3.534566 3.549928 3.574582 3.609530 3.655652 3.713671 3.784110 3.867244 3.963069 4.071263 4.191158 4.321723 4.461548 4.608848 4.761473 4.916930 5.072425 5.224907 5.371134 5.507744 5.631335 5.738556 5.826198 5.891292 5.931200 5.943703 5.927083 5.880192 5.802510 5.694178 5.556028 5.389575 5.197007 4.981137 4.745354 4.493535 4.229966 3.959223 3.686069 3.415327 3.151757 2.899939 2.664155 2.448286 2.255718 2.089265 1.951115 1.842783 1.765100 1.718210 1.701590 1.714092 1.754000 1.819095 1.906737 2.013958 2.137549 2.274158 2.420386 2.572868 2.728363 2.883820 3.036444 3.183744 3.323570 3.454134 3.574030 3.682223 3.778049 3.861183 3.931621 3.989641 4.035763 4.070710 4.095365 4.110727 4.117871 4.117913 4.111973 4.101144 4.086471 4.068927 4.049401 4.028685 4.007468 3.986334 3.965764 3.946141 3.927753 3.910804 3.895421 3.881668 3.869552 3.859035 3.850044 3.842479 3.836223 3.831145 3.827111 3.823988 3.821645 3.819957 
3.821673 3.819261 3.816115 3.812116 3.807142 3.801070 3.793781 3.785168 3.775138 3.763623 3.750588 3.736037 3.720027 3.702672 3.684157 3.664746 3.644791 3.624733 3.605116 3.586583 3.569874 3.555827 3.545367 3.539493 3.539259 3.545757 3.560086 3.583324 3.616491 3.660513 3.716181 3.784110 3.864698 3.958086 4.064124 4.182336 4.311898 4.451622 4.599946 4.754940 4.914318 5.075471 5.235501 5.391277 5.539494 5.676753 5.799636 5.904798 5.989058 6.049493 6.083527 6.089020 6.064339 6.008435 5.920883 5.801930 5.652505 5.474222 5.269360 5.040820 4.792067 4.527057 4.250140 3.965958 3.679335 3.395153 3.118236 2.853225 2.604473 2.375933 2.171070 1.992788 1.843363 1.724410 1.636858 1.580953 1.556273 1.561765 1.595800 1.656235 1.740495 1.845657 1.968540 2.105798 2.254016 2.409791 2.569822 2.730975 2.890353 3.045346 3.193670 3.333394 3.462957 3.581169 3.687206 3.780595 3.861183 3.929112 3.984780 4.028802 4.061969 4.085207 4.099536 4.106034 4.105800 4.099925 4.089465 4.075419 4.058710 4.040176 4.020559 4.000502 3.980546 3.961136 3.942621 3.925266 3.909255 3.894705 3.881670 3.870155 3.860125 3.851512 3.844223 3.838151 3.833177 3.829178 3.826032 3.823620 
3.817441 3.814301 3.810366 3.805526 3.799669 3.792689 3.784487 3.774981 3.764109 3.751838 3.738174 3.723166 3.706920 3.689605 3.671464 3.652819 3.634078 3.615745 3.598416 3.582786 3.569639 3.559850 3.554367 3.554202 3.560409 3.574062 3.596226 3.627929 3.670122 3.723644 3.789186 3.867244 3.958086 4.061713 4.177824 4.305791 4.444637 4.593020 4.749235 4.911216 5.076558 5.242545 5.406194 5.564309 5.713545 5.850479 5.971698 6.073882 6.153892 6.208867 6.236308 6.234161 6.200891 6.135548 6.037813 5.908032 5.747233 5.557122 5.340062 5.099029 4.837558 4.559663 4.269747 3.972501 3.672792 3.375546 3.085629 2.807734 2.546263 2.305231 2.088170 1.898059 1.737261 1.607480 1.509745 1.444402 1.411132 1.408985 1.436425 1.491401 1.571411 1.673594 1.794814 1.931748 2.080983 2.239099 2.402748 2.568735 2.734077 2.896058 3.052272 3.200656 3.339501 3.467469 3.583580 3.687206 3.778049 3.856107 3.921648 3.975171 4.017364 4.049066 4.071231 4.084883 4.091090 4.090925 4.085443 4.075653 4.062507 4.046876 4.029548 4.011214 3.992474 3.973828 3.955687 3.938373 3.922127 3.907119 3.893454 3.881184 3.870311 3.860805 3.852604 3.845623 3.839767 3.834927 3.830992 3.827852 
