commandline/PreCompiled/example/data/topo.grd
DSAA
128	128
-63.500000	63.500000
-63.500000	63.500000
0.000000	7.645293
[rows 84 to 111 of 128, columns 63 to 125 of 128]
3.633036 4.012257 4.389297 4.759834 5.119666 5.464781 5.791434 6.096207 6.376067 6.628415 6.851120 7.042546 7.201572 7.327587 7.420493 7.480677 7.508995 7.506728 7.475540 7.417432 7.334688 7.229815 7.105486 6.964486 6.809647 6.643804 6.469734 6.290119 6.107501 5.924251 5.742538 5.564309 5.391277 5.224907 5.066419 4.916787 4.776750 4.646819 4.527298 4.418297 4.319757 4.231466 4.153088 4.084176 4.024202 3.972573 3.928653 3.891779 3.861276 3.836474 3.816716 3.801374 3.789848 3.781582 3.776059 3.772810 3.771412 3.771490 3.772716 3.774802 3.777507 3.780626 3.783989
3.633881 4.011411 4.386693 4.755274 5.112826 5.455224 5.778626 6.079535 6.354862 6.601974 6.818731 7.003519 7.155255 7.273398 7.357937 7.409370 7.428674 7.417268 7.376961 7.309904 7.218529 7.105486 6.973588 6.825743 6.664895 6.493969 6.315821 6.133184 5.948634 5.764552 5.583099 5.406194 5.235501 5.072425 4.918106 4.773433 4.639045 4.515351 4.402549 4.300640 4.209458 4.128691 4.057900 3.996552 3.944034 3.899680 3.862790 3.832646 3.808530 3.789738 3.775589 3.765439 3.758682 3.754759 3.753162 3.753434 3.755168 3.758010 3.761654 3.765839 3.770348 3.775003 3.779661
3.635594 4.009698 4.381495 4.746416 5.100022 5.438092 5.756700 6.052285 6.321715 6.562336 6.772015 6.949164 7.092754 7.202320 7.277946 7.320243 7.330316 7.309721 7.260412 7.184684 7.085112 6.964486 6.825743 6.671905 6.506013 6.331073 6.149995 5.965551 5.780332 5.596712 5.416825 5.242545 5.075471 4.916930 4.767972 4.629384 4.501697 4.385208 4.280001 4.185964 4.102822 4.030156 3.967433 3.914029 3.869254 3.832371 3.802623 3.779245 3.761483 3.748606 3.739918 3.734767 3.732547 3.732708 3.734757 3.738253 3.742815 3.748113 3.753869 3.759852 3.765874 3.771788 3.777479
3.638116 4.007177 4.373879 4.733554 5.081670 5.413925 5.726323 6.015255 6.277560 6.510578 6.712190 6.880849 7.015589 7.116028 7.182349 7.215283 7.216062 7.186380 7.128330 7.044350 6.937150 6.809647 6.664895 6.506013 6.336128 6.158304 5.975494 5.790488 5.605874 5.424001 5.246959 5.076558 4.914318 4.761473 4.618968 4.487479 4.367418 4.258965 4.162081 4.076541 4.001958 3.937810 3.883469 3.838226 3.801316 3.771942 3.749296 3.732573 3.720991 3.713804 3.710308 3.709850 3.711836 3.715731 3.721062 3.727416 3.734438 3.741832 3.749350 3.756795 3.764012 3.770884 3.777329
3.641384 4.003909 4.364033 4.717005 5.058217 5.383300 5.688208 5.969297 6.223391 6.447836 6.640543 6.800013 6.925351 7.016264 7.073044 7.096538 7.088108 7.049583 6.983194 6.891510 6.777369 6.643804 6.493969 6.331073 6.158304 5.978772 5.795454 5.611138 5.428392 5.249521 5.076552 4.911216 4.754940 4.608848 4.473773 4.350266 4.238617 4.138878 4.050890 3.974311 3.908641 3.853260 3.807449 3.770419 3.741340 3.719360 3.703629 3.693313 3.687613 3.685773 3.687091 3.690927 3.696702 3.703905 3.712092 3.720881 3.729953 3.739044 3.747946 3.756496 3.764573 3.772096 3.779010
3.645331 3.999962 4.352159 4.697105 5.030134 5.346828 5.643105 5.915304 6.160246 6.375297 6.558408 6.708139 6.823674 6.904815 6.951962 6.966084 6.948671 6.901682 6.827477 6.728751 6.608458 6.469734 6.315821 6.149995 5.975494 5.795454 5.612854 5.430466 5.250814 5.076146 4.908408 4.749235 4.599946 4.461548 4.334747 4.219963 4.117358 4.026855 3.948171 3.880847 3.824280 3.777749 3.740454 3.711534 3.690101 3.675259 3.666125 3.661846 3.661615 3.664678 3.670345 3.677994 3.687073 3.697103 3.707673 3.718438 3.729119 3.739491 3.749385 3.758676 3.767279 3.775146 3.782254
3.649888 3.995405 4.338464 4.674201 4.997909 5.305137 5.591787 5.854192 6.089187 6.294171 6.467144 6.606734 6.712211 6.783476 6.821041 6.825994 6.799951 6.744994 6.663607 6.558600 6.433029 6.290119 6.133184 5.965551 5.790488 5.611138 5.430466 5.251204 5.075820 4.906481 4.745039 4.593020 4.451622 4.321723 4.203895 4.098423 4.005335 3.924424 3.855286 3.797350 3.749908 3.712153 3.683206 3.662146 3.648036 3.639947 3.636974 3.638256 3.642987 3.650427 3.659906 3.670830 3.682681 3.695017 3.707467 3.719731 3.731569 3.742802 3.753299 3.762974 3.771781 3.779701 3.786745
3.654983 3.990309 4.323162 4.648648 4.962039 5.258871 5.535041 5.786894 6.011293 6.205680 6.368116 6.497306 6.592609 6.654030 6.682192 6.678303 6.644096 6.581774 6.493932 6.383484 6.253574 6.107501 5.948634 5.780332 5.605874 5.428392 5.250814 5.075820 4.905797 4.742821 4.588633 4.444637 4.311898 4.191158 4.082849 3.987118 3.903856 3.832731 3.773218 3.724638 3.686189 3.656983 3.636075 3.622492 3.615261 3.613429 3.616081 3.622360 3.631472 3.642700 3.655403 3.669024 3.683085 3.697188 3.711008 3.724289 3.736840 3.748522 3.759249 3.768973 3.777682 3.785392 3.792142
3.660547 3.984746 4.306466 4.620804 4.923027 5.208673 5.473653 5.714340 5.927636 6.111038 6.262678 6.381342 6.466487 6.518220 6.537278 6.524981 6.483178 6.414181 6.320687 6.205698 6.072434 5.924251 5.764552 5.596712 5.424001 5.249521 5.076146 4.906481 4.742821 4.587132 4.441032 4.305791 4.182336 4.071263 3.972861 3.887138 3.813850 3.752541 3.702572 3.663164 3.633430 3.612410 3.599103 3.592499 3.591596 3.595433 3.603097 3.613743 3.626601 3.640985 3.656295 3.672014 3.687714 3.703044 3.717729 3.731562 3.744399 3.756146 3.766757 3.776224 3.784569 3.791838 3.798095
3.666506 3.978786 4.288591 4.591026 4.881370 5.155183 5.408406 5.637450 5.839273 6.011437 6.152151 6.260292 6.335413 6.377729 6.388085 6.367912 6.319164 6.244253 6.145966 6.027379 5.891772 5.742538 5.583099 5.416825 5.246959 5.076552 4.908408 4.745039 4.588633 4.441032 4.303720 4.177824 4.064124 3.963069 3.874803 3.799195 3.735870 3.684253 3.643600 3.613040 3.591609 3.578290 3.572038 3.571814 3.576606 3.585453 3.597455 3.611792 3.627728 3.644617 3.661904 3.679125 3.695901 3.711934 3.727003 3.740951 3.753679 3.765141 3.775330 3.784274 3.792028 3.798665 3.804272
3.672792 3.972501 4.269747 4.559663 4.837558 5.099029 5.340062 5.557122 5.747233 5.908032 6.037813 6.135548 6.200891 6.234161 6.236308 6.208867 6.153892 6.073882 5.971698 5.850479 5.713545 5.564309 5.406194 5.242545 5.076558 4.911216 4.749235 4.593020 4.444637 4.305791 4.177824 4.061713 3.958086 3.867244 3.789186 3.723644 3.670122 3.627929 3.596226 3.574062 3.560409 3.554202 3.554367 3.559850 3.569639 3.582786 3.598416 3.615745 3.634078 3.652819 3.671464 3.689605 3.706920 3.723166 3.738174 3.751838 3.764109 3.774981 3.784487 3.792689 3.799669 3.805526 3.810366
3.679335 3.965958 4.250140 4.527057 4.792067 5.040820 5.269360 5.474222 5.652505 5.801930 5.920883 6.008435 6.064339 6.089020 6.083527 6.049493 5.989058 5.904798 5.799636 5.676753 5.539494 5.391277 5.235501 5.075471 4.914318 4.754940 4.599946 4.451622 4.311898 4.182336 4.064124 3.958086 3.864698 3.784110 3.716181 3.660513 3.616491 3.583324 3.560086 3.545757 3.539259 3.539493 3.545367 3.555827 3.569874 3.586583 3.605116 3.624733 3.644791 3.664746 3.684157 3.702672 3.720027 3.736037 3.750588 3.763623 3.775138 3.785168 3.793781 3.801070 3.807142 3.812116 3.816115
3.686069 3.959223 4.229966 4.493535 4.745354 4.981137 5.197007 5.389575 5.556028 5.694178 5.802510 5.880192 5.927083 5.943703 5.931200 5.891292 5.826198 5.738556 5.631335 5.507744 5.371134 5.224907 5.072425 4.916930 4.761473 4.608848 4.461548 4.321723 4.191158 4.071263 3.963069 3.867244 3.784110 3.713671 3.655652 3.609530 3.574582 3.549928 3.534566 3.527422 3.527379 3.533320 3.544149 3.558822 3.576366 3.595891 3.616608 3.637825 3.658959 3.679528 3.699151 3.717540 3.734489 3.749871 3.763624 3.775741 3.786258 3.795249 3.802813 3.809070 3.814148 3.818181 3.821304
3.692933 3.952360 4.209413 4.459410 4.697850 4.920535 5.123669 5.303959 5.458683 5.585756 5.683761 5.751970 5.790339 5.799486 5.780647 5.735618 5.666682 5.576527 5.468153 5.344779 5.209745 5.066419 4.918106 4.767972 4.618968 4.473773 4.334747 4.203895 4.082849 3.972861 3.874803 3.789186 3.716181 3.655652 3.607193 3.570170 3.543763 3.527011 3.518853 3.518173 3.523832 3.534704 3.549705 3.567815 3.588095 3.609705 3.631906 3.654069 3.675673 3.696302 3.715639 3.733458 3.749616 3.764040 3.776717 3.787687 3.797024 3.804836 3.811251 3.816406 3.820450 3.823526 3.825778
3.699867 3.945426 4.188659 4.424974 4.649965 4.859529 5.049971 5.218097 5.361290 5.477568 5.565619 5.624815 5.655213 5.657518 5.633047 5.583665 5.511706 5.419894 5.311244 5.188968 5.056377 4.916787 4.773433 4.629384 4.487479 4.350266 4.219963 4.098423 3.987118 3.887138 3.799195 3.723644 3.660513 3.609530 3.570170 3.541696 3.523205 3.513667 3.511979 3.516994 3.527565 3.542574 3.560958 3.581734 3.604010 3.627000 3.650028 3.672530 3.694053 3.714247 3.732863 3.749737 3.764784 3.777984 3.789374 3.799030 3.807066 3.813616 3.818830 3.822864 3.825875 3.828017 3.829434
3.706815 3.938478 4.167867 4.390499 4.602075 4.798600 4.976488 5.132656 5.264597 5.370438 5.448971 5.499672 5.522689 5.518812 5.489431 5.436465 5.362291 5.269650 5.161558 5.041203 4.911851 4.776750 4.639045 4.501697 4.367418 4.238617 4.117358 4.005335 3.903856 3.813850 3.735870 3.670122 3.616491 3.574582 3.543763 3.523205 3.511931 3.508865 3.512868 3.522781 3.537461 3.555812 3.576805 3.599502 3.623069 3.646781 3.670031 3.692324 3.713277 3.732611 3.750141 3.765764 3.779450 3.791231 3.801185 3.809426 3.816096 3.821353 3.825364 3.828297 3.830316 3.831578 3.832226
3.713727 3.931566 4.147191 4.356237 4.554527 4.738185 4.903745 5.048241 5.169281 5.265104 5.334610 5.377374 5.393631 5.384250 5.350682 5.294893 5.219284 5.126603 5.019849 4.902170 4.776772 4.646819 4.515351 4.385208 4.258965 4.138878 4.026855 3.924424 3.832731 3.752541 3.684253 3.627929 3.583324 3.549928 3.527011 3.513667 3.508865 3.511488 3.520381 3.534387 3.552380 3.573296 3.596152 3.620068 3.644270 3.668105 3.691036 3.712642 3.732612 3.750732 3.766884 3.781022 3.793169 3.803401 3.811834 3.818615 3.823907 3.827889 3.830737 3.832628 3.833728 3.834191 3.834157
3.720557 3.924735 4.126766 4.322415 4.507635 4.678681 4.832214 4.965391 5.075943 5.162221 5.223231 5.258644 5.268781 5.254578 5.217539 5.159663 5.083364 4.991381 4.886681 4.772359 4.651542 4.527298 4.402549 4.280001 4.162081 4.050890 3.948171 3.855286 3.773218 3.702572 3.643600 3.596226 3.560086 3.534566 3.518853 3.511979 3.512868 3.520381 3.533361 3.550664 3.571196 3.593936 3.617957 3.642441 3.666687 3.690113 3.712257 3.732773 3.751419 3.768050 3.782606 3.795098 3.805595 3.814213 3.821100 3.826427 3.830379 3.833144 3.834906 3.835844 3.836120 3.835886 3.835271
3.727264 3.918029 4.106716 4.289235 4.461679 4.620439 4.762311 4.884584 4.985109 5.062354 5.115430 5.144099 5.148760 5.130410 5.090595 5.031336 4.955046 4.864441 4.762442 4.652073 4.536373 4.418297 4.300640 4.185964 4.076541 3.974311 3.880847 3.797350 3.724638 3.663164 3.613040 3.574062 3.545757 3.527422 3.518173 3.516994 3.522781 3.534387 3.550664 3.570497 3.592833 3.616704 3.641249 3.665718 3.689485 3.712045 3.733013 3.752113 3.769175 3.784115 3.796932 3.807684 3.816484 3.823480 3.828847 3.832776 3.835464 3.837104 3.837885 3.837981 3.837549 3.836731 3.835647
3.733811 3.911482 4.087151 4.256878 4.416903 4.563766 4.694400 4.806229 4.897230 4.965985 5.011707 5.034246 5.034072 5.012235 4.970311 4.910331 4.834695 4.746082 4.647352 4.541449 4.431306 4.319757 4.209458 4.102822 4.001958 3.908641 3.824280 3.749908 3.686189 3.633430 3.591609 3.560409 3.539259 3.527379 3.523832 3.527565 3.537461 3.552380 3.571196 3.592833 3.616289 3.640661 3.665155 3.689099 3.711943 3.733260 3.752739 3.770178 3.785469 3.798592 3.809593 3.818576 3.825688 3.831107 3.835026 3.837650 3.839182 3.839818 3.839743 3.839124 3.838109 3.836828 3.835389
3.740167 3.905126 4.068163 4.225496 4.373520 4.508925 4.628790 4.730675 4.812683 4.873510 4.912468 4.929491 4.925110 4.900419 4.857016 4.796929 4.722532 4.636454 4.541484 4.440469 4.336229 4.231466 4.128691 4.030156 3.937810 3.853260 3.777749 3.712153 3.656983 3.612410 3.578290 3.554202 3.539493 3.533320 3.534704 3.542574 3.555812 3.573296 3.593936 3.616704 3.640661 3.664971 3.688916 3.711902 3.733457 3.753233 3.770992 3.786599 3.800009 3.811253 3.820425 3.827666 3.833151 3.837079 3.839659 3.841101 3.841611 3.841381 3.840587 3.839388 3.837920 3.836297 3.834614
3.746304 3.898989 4.049834 4.195222 4.331708 4.456137 4.565738 4.658207 4.731774 4.785247 4.818033 4.830141 4.822160 4.795218 4.750922 4.691287 4.618650 4.535578 4.444776 4.348985 4.250902 4.153088 4.057900 3.967433 3.883469 3.807449 3.740454 3.683206 3.636075 3.599103 3.572038 3.554367 3.545367 3.544149 3.549705 3.560958 3.576805 3.596152 3.617957 3.641249 3.665155 3.688916 3.711891 3.733566 3.753549 3.771565 3.787447 3.801124 3.812607 3.821974 3.829358 3.834932 3.838892 3.841453 3.842829 3.843235 3.842871 3.841922 3.840555 3.838913 3.837118 3.835270 3.833448
3.752200 3.893092 4.032230 4.166162 4.291612 4.405582 4.505450 4.589051 4.654741 4.701435 4.728632 4.736412 4.725410 4.696780 4.652130 4.593449 4.523027 4.443358 4.357050 4.266733 4.174970 4.084176 3.996552 3.914029 3.838226 3.770419 3.711534 3.662146 3.622492 3.592499 3.571814 3.559850 3.555827 3.558822 3.567815 3.581734 3.599502 3.620068 3.642441 3.665718 3.689099 3.711902 3.733566 3.753658 3.771861 3.787973 3.801893 3.813608 3.823177 3.830722 3.836407 3.840428 3.842998 3.844338 3.844667 3.844195 3.843114 3.841598 3.839800 3.837848 3.835848 3.833882 3.832016
3.757838 3.887454 4.015402 4.138404 4.253348 4.357399 4.448084 4.523378 4.581758 4.622245 4.644423 4.648436 4.634959 4.605163 4.560644 4.503359 4.435538 4.359594 4.278030 4.193354 4.107989 4.024202 3.944034 3.869254 3.801316 3.741340 3.690101 3.648036 3.615261 3.591596 3.576606 3.569639 3.569874 3.576366 3.588095 3.604010 3.623069 3.644270 3.666687 3.689485 3.711943 3.733457 3.753549 3.771861 3.788152 3.802286 3.814222 3.824000 3.831722 3.837543 3.841654 3.844266 3.845603 3.845889 3.845337 3.844151 3.842511 3.840577 3.838485 3.836346 3.834250 3.832263 3.830432
3.763204 3.882088 3.999392 4.112010 4.217001 4.311690 4.393754 4.461305 4.512938 4.547778 4.565488 4.566267 4.550825 4.520336 4.476382 4.420874 4.355974 4.284003 4.207355 4.128409 4.049444 3.972573 3.899680 3.832371 3.771942 3.719360 3.675259 3.639947 3.613429 3.595433 3.585453 3.582786 3.586583 3.595891 3.609705 3.627000 3.646781 3.668105 3.690113 3.712045 3.733260 3.753233 3.771565 3.787973 3.802286 3.814429 3.824417 3.832332 3.838315 3.842547 3.845237 3.846607 3.846883 3.846287 3.845025 3.843288 3.841242 3.839030 3.836770 3.834556 3.832459 3.830530 3.828801
3.768289 3.877004 3.984227 4.087027 4.182631 4.268523 4.342532 4.402901 4.448344 4.478080 4.491846 4.489891 4.472950 4.442197 4.399185 4.345774 4.284048 4.216232 4.144601 4.071401 3.998765 3.928653 3.862790 3.802623 3.749296 3.703629 3.666125 3.636974 3.616081 3.603097 3.597455 3.598416 3.605116 3.616608 3.631906 3.650028 3.670031 3.691036 3.712257 3.733013 3.752739 3.770992 3.787447 3.801893 3.814222 3.824417 3.832537 3.838705 3.843090 3.845893 3.847333 3.847639 3.847034 3.845731 3.843926 3.841794 3.839483 3.837120 3.834804 3.832610 3.830593 3.828787 3.827211
3.773085 3.872208 3.969925 4.063481 4.150270 4.227935 4.294451 4.348192 4.387984 4.413137 4.423456 4.419233 4.401220 4.370580 4.328833 4.277779 4.219418 4.155871 4.089293 4.021789 3.955350 3.891779 3.832646 3.779245 3.732573 3.693313 3.661846 3.638256 3.622360 3.613743 3.611792 3.615745 3.624733 3.637825 3.654069 3.672530 3.692324 3.712642 3.732773 3.752113 3.770178 3.786599 3.801124 3.813608 3.824000 3.832332 3.838705 3.843272 3.846224 3.847773 3.848147 3.847572 3.846263 3.844423 3.842233 3.839849 3.837403 3.835000 3.832722 3.830627 3.828752 3.827118 3.825731
3.777591 3.867702 3.956494 4.041383 4.119929 4.189933 4.249511 4.297165 4.331827 4.352893 4.360230 4.354165 4.335461 4.305264 4.265052 4.216557 4.161693 4.102470 4.040918 3.979005 3.918574 3.861276 3.808530 3.761483 3.720991 3.687613 3.661615 3.642987 3.631472 3.626601 3.627728 3.634078 3.644791 3.658959 3.675673 3.694053 3.713277 3.732612 3.751419 3.769175 3.785469 3.800009 3.812607 3.823177 3.831722 3.838315 3.843090 3.846224 3.847921 3.848403 3.847896 3.846619 3.844778 3.842561 3.840129 3.837622 3.835151 3.832803 3.830641 3.828705 3.827019 3.825589 3.824412
