commandline/PreCompiled/example/data/topo.grd
DSAA
128	128
-63.500000	63.500000
-63.500000	63.500000
0.000000	7.645293
[rows 28 to 55 of 128, columns 0 to 62 of 128]
3.832190 3.832392 3.832226 3.831578 3.830316 3.828297 3.825364 3.821353 3.816096 3.809426 3.801185 3.791231 3.779450 3.765764 3.750141 3.732611 3.713277 3.692324 3.670031 3.646781 3.623069 3.599502 3.576805 3.555812 3.537461 3.522781 3.512868 3.508865 3.511931 3.523205 3.543763 3.574582 3.616491 3.670122 3.735870 3.813850 3.903856 4.005335 4.117358 4.238617 4.367418 4.501697 4.639045 4.776750 4.911851 5.041203 5.161558 5.269650 5.362291 5.436465 5.489431 5.518812 5.522689 5.499672 5.448971 5.370438 5.264597 5.132656 4.976488 4.798600 4.602075 4.390499 4.167867
3.830620 3.830262 3.829434 3.828017 3.825875 3.822864 3.818830 3.813616 3.807066 3.799030 3.789374 3.777984 3.764784 3.749737 3.732863 3.714247 3.694053 3.672530 3.650028 3.627000 3.604010 3.581734 3.560958 3.542574 3.527565 3.516994 3.511979 3.513667 3.523205 3.541696 3.570170 3.609530 3.660513 3.723644 3.799195 3.887138 3.987118 4.098423 4.219963 4.350266 4.487479 4.629384 4.773433 4.916787 5.056377 5.188968 5.311244 5.419894 5.511706 5.583665 5.633047 5.657518 5.655213 5.624815 5.565619 5.477568 5.361290 5.218097 5.049971 4.859529 4.649965 4.424974 4.188659
3.828334 3.827339 3.825778 3.823526 3.820450 3.816406 3.811251 3.804836 3.797024 3.787687 3.776717 3.764040 3.749616 3.733458 3.715639 3.696302 3.675673 3.654069 3.631906 3.609705 3.588095 3.567815 3.549705 3.534704 3.523832 3.518173 3.518853 3.527011 3.543763 3.570170 3.607193 3.655652 3.716181 3.789186 3.874803 3.972861 4.082849 4.203895 4.334747 4.473773 4.618968 4.767972 4.918106 5.066419 5.209745 5.344779 5.468153 5.576527 5.666682 5.735618 5.780647 5.799486 5.790339 5.751970 5.683761 5.585756 5.458683 5.303959 5.123669 4.920535 4.697850 4.459410 4.209413
3.825335 3.823648 3.821304 3.818181 3.814148 3.809070 3.802813 3.795249 3.786258 3.775741 3.763624 3.749871 3.734489 3.717540 3.699151 3.679528 3.658959 3.637825 3.616608 3.595891 3.576366 3.558822 3.544149 3.533320 3.527379 3.527422 3.534566 3.549928 3.574582 3.609530 3.655652 3.713671 3.784110 3.867244 3.963069 4.071263 4.191158 4.321723 4.461548 4.608848 4.761473 4.916930 5.072425 5.224907 5.371134 5.507744 5.631335 5.738556 5.826198 5.891292 5.931200 5.943703 5.927083 5.880192 5.802510 5.694178 5.556028 5.389575 5.197007 4.981137 4.745354 4.493535 4.229966
3.821673 3.819261 3.816115 3.812116 3.807142 3.801070 3.793781 3.785168 3.775138 3.763623 3.750588 3.736037 3.720027 3.702672 3.684157 3.664746 3.644791 3.624733 3.605116 3.586583 3.569874 3.555827 3.545367 3.539493 3.539259 3.545757 3.560086 3.583324 3.616491 3.660513 3.716181 3.784110 3.864698 3.958086 4.064124 4.182336 4.311898 4.451622 4.599946 4.754940 4.914318 5.075471 5.235501 5.391277 5.539494 5.676753 5.799636 5.904798 5.989058 6.049493 6.083527 6.089020 6.064339 6.008435 5.920883 5.801930 5.652505 5.474222 5.269360 5.040820 4.792067 4.527057 4.250140
3.817441 3.814301 3.810366 3.805526 3.799669 3.792689 3.784487 3.774981 3.764109 3.751838 3.738174 3.723166 3.706920 3.689605 3.671464 3.652819 3.634078 3.615745 3.598416 3.582786 3.569639 3.559850 3.554367 3.554202 3.560409 3.574062 3.596226 3.627929 3.670122 3.723644 3.789186 3.867244 3.958086 4.061713 4.177824 4.305791 4.444637 4.593020 4.749235 4.911216 5.076558 5.242545 5.406194 5.564309 5.713545 5.850479 5.971698 6.073882 6.153892 6.208867 6.236308 6.234161 6.200891 6.135548 6.037813 5.908032 5.747233 5.557122 5.340062 5.099029 4.837558 4.559663 4.269747
3.812782 3.808945 3.804272 3.798665 3.792028 3.784274 3.775330 3.765141 3.753679 3.740951 3.727003 3.711934 3.695901 3.679125 3.661904 3.644617 3.627728 3.611792 3.597455 3.585453 3.576606 3.571814 3.572038 3.578290 3.591609 3.613040 3.643600 3.684253 3.735870 3.799195 3.874803 3.963069 4.064124 4.177824 4.303720 4.441032 4.588633 4.745039 4.908408 5.076552 5.246959 5.416825 5.583099 5.742538 5.891772 6.027379 6.145966 6.244253 6.319164 6.367912 6.388085 6.377729 6.335413 6.260292 6.152151 6.011437 5.839273 5.637450 5.408406 5.155183 4.881370 4.591026 4.288591
3.807887 3.803417 3.798095 3.791838 3.784569 3.776224 3.766757 3.756146 3.744399 3.731562 3.717729 3.703044 3.687714 3.672014 3.656295 3.640985 3.626601 3.613743 3.603097 3.595433 3.591596 3.592499 3.599103 3.612410 3.633430 3.663164 3.702572 3.752541 3.813850 3.887138 3.972861 4.071263 4.182336 4.305791 4.441032 4.587132 4.742821 4.906481 5.076146 5.249521 5.424001 5.596712 5.764552 5.924251 6.072434 6.205698 6.320687 6.414181 6.483178 6.524981 6.537278 6.518220 6.466487 6.381342 6.262678 6.111038 5.927636 5.714340 5.473653 5.208673 4.923027 4.620804 4.306466
3.802984 3.797984 3.792142 3.785392 3.777682 3.768973 3.759249 3.748522 3.736840 3.724289 3.711008 3.697188 3.683085 3.669024 3.655403 3.642700 3.631472 3.622360 3.616081 3.613429 3.615261 3.622492 3.636075 3.656983 3.686189 3.724638 3.773218 3.832731 3.903856 3.987118 4.082849 4.191158 4.311898 4.444637 4.588633 4.742821 4.905797 5.075820 5.250814 5.428392 5.605874 5.780332 5.948634 6.107501 6.253574 6.383484 6.493932 6.581774 6.644096 6.678303 6.682192 6.654030 6.592609 6.497306 6.368116 6.205680 6.011293 5.786894 5.535041 5.258871 4.962039 4.648648 4.323162
3.798336 3.792942 3.786745 3.779701 3.771781 3.762974 3.753299 3.742802 3.731569 3.719731 3.707467 3.695017 3.682681 3.670830 3.659906 3.650427 3.642987 3.638256 3.636974 3.639947 3.648036 3.662146 3.683206 3.712153 3.749908 3.797350 3.855286 3.924424 4.005335 4.098423 4.203895 4.321723 4.451622 4.593020 4.745039 4.906481 5.075820 5.251204 5.430466 5.611138 5.790488 5.965551 6.133184 6.290119 6.433029 6.558600 6.663607 6.744994 6.799951 6.825994 6.821041 6.783476 6.712211 6.606734 6.467144 6.294171 6.089187 5.854192 5.591787 5.305137 4.997909 4.674201 4.338464
3.794223 3.788606 3.782254 3.775146 3.767279 3.758676 3.749385 3.739491 3.729119 3.718438 3.707673 3.697103 3.687073 3.677994 3.670345 3.664678 3.661615 3.661846 3.666125 3.675259 3.690101 3.711534 3.740454 3.777749 3.824280 3.880847 3.948171 4.026855 4.117358 4.219963 4.334747 4.461548 4.599946 4.749235 4.908408 5.076146 5.250814 5.430466 5.612854 5.795454 5.975494 6.149995 6.315821 6.469734 6.608458 6.728751 6.827477 6.901682 6.948671 6.966084 6.951962 6.904815 6.823674 6.708139 6.558408 6.375297 6.160246 5.915304 5.643105 5.346828 5.030134 4.697105 4.352159
3.790933 3.785291 3.779010 3.772096 3.764573 3.756496 3.747946 3.739044 3.729953 3.720881 3.712092 3.703905 3.696702 3.690927 3.687091 3.685773 3.687613 3.693313 3.703629 3.719360 3.741340 3.770419 3.807449 3.853260 3.908641 3.974311 4.050890 4.138878 4.238617 4.350266 4.473773 4.608848 4.754940 4.911216 5.076552 5.249521 5.428392 5.611138 5.795454 5.978772 6.158304 6.331073 6.493969 6.643804 6.777369 6.891510 6.983194 7.049583 7.088108 7.096538 7.073044 7.016264 6.925351 6.800013 6.640543 6.447836 6.223391 5.969297 5.688208 5.383300 5.058217 4.717005 4.364033
3.788739 3.783291 3.777329 3.770884 3.764012 3.756795 3.749350 3.741832 3.734438 3.727416 3.721062 3.715731 3.711836 3.709850 3.710308 3.713804 3.720991 3.732573 3.749296 3.771942 3.801316 3.838226 3.883469 3.937810 4.001958 4.076541 4.162081 4.258965 4.367418 4.487479 4.618968 4.761473 4.914318 5.076558 5.246959 5.424001 5.605874 5.790488 5.975494 6.158304 6.336128 6.506013 6.664895 6.809647 6.937150 7.044350 7.128330 7.186380 7.216062 7.215283 7.182349 7.116028 7.015589 6.880849 6.712190 6.510578 6.277560 6.015255 5.726323 5.413925 5.081670 4.733554 4.373879
3.787886 3.782865 3.777479 3.771788 3.765874 3.759852 3.753869 3.748113 3.742815 3.738253 3.734757 3.732708 3.732547 3.734767 3.739918 3.748606 3.761483 3.779245 3.802623 3.832371 3.869254 3.914029 3.967433 4.030156 4.102822 4.185964 4.280001 4.385208 4.501697 4.629384 4.767972 4.916930 5.075471 5.242545 5.416825 5.596712 5.780332 5.965551 6.149995 6.331073 6.506013 6.671905 6.825743 6.964486 7.085112 7.184684 7.260412 7.309721 7.330316 7.320243 7.277946 7.202320 7.092754 6.949164 6.772015 6.562336 6.321715 6.052285 5.756700 5.438092 5.100022 4.746416 4.381495
3.788571 3.784212 3.779661 3.775003 3.770348 3.765839 3.761654 3.758010 3.755168 3.753434 3.753162 3.754759 3.758682 3.765439 3.775589 3.789738 3.808530 3.832646 3.862790 3.899680 3.944034 3.996552 4.057900 4.128691 4.209458 4.300640 4.402549 4.515351 4.639045 4.773433 4.918106 5.072425 5.235501 5.406194 5.583099 5.764552 5.948634 6.133184 6.315821 6.493969 6.664895 6.825743 6.973588 7.105486 7.218529 7.309904 7.376961 7.417268 7.428674 7.409370 7.357937 7.273398 7.155255 7.003519 6.818731 6.601974 6.354862 6.079535 5.778626 5.455224 5.112826 4.755274 4.386693
3.790926 3.787458 3.783989 3.780626 3.777507 3.774802 3.772716 3.771490 3.771412 3.772810 3.776059 3.781582 3.789848 3.801374 3.816716 3.836474 3.861276 3.891779 3.928653 3.972573 4.024202 4.084176 4.153088 4.231466 4.319757 4.418297 4.527298 4.646819 4.776750 4.916787 5.066419 5.224907 5.391277 5.564309 5.742538 5.924251 6.107501 6.290119 6.469734 6.643804 6.809647 6.964486 7.105486 7.229815 7.334688 7.417432 7.475540 7.506728 7.508995 7.480677 7.420493 7.327587 7.201572 7.042546 6.851120 6.628415 6.376067 6.096207 5.791434 5.464781 5.119666 4.759834 4.389297
3.795003 3.792638 3.790473 3.788640 3.787300 3.786647 3.786908 3.788348 3.791274 3.796032 3.803012 3.812647 3.825412 3.841821 3.862425 3.887806 3.918574 3.955350 3.998765 4.049444 4.107989 4.174970 4.250902 4.336229 4.431306 4.536373 4.651542 4.776772 4.911851 5.056377 5.209745 5.371134 5.539494 5.713545 5.891772 6.072434 6.253574 6.433029 6.608458 6.777369 6.937150 7.085112 7.218529 7.334688 7.430943 7.504763 7.553791 7.575899 7.569236 7.532279 7.463883 7.363314 7.230284 7.064973 6.868049 6.640668 6.384471 6.101569 5.794515 5.466273 5.120166 4.759830 4.389147
3.800765 3.799685 3.799013 3.798903 3.799536 3.801127 3.803921 3.808203 3.814293 3.822550 3.833373 3.847198 3.864498 3.885781 3.911583 3.942465 3.979005 4.021789 4.071401 4.128409 4.193354 4.266733 4.348985 4.440469 4.541449 4.652073 4.772359 4.902170 5.041203 5.188968 5.344779 5.507744 5.676753 5.850479 6.027379 6.205698 6.383484 6.558600 6.728751 6.891510 7.044350 7.184684 7.309904 7.417432 7.504763 7.569517 7.609494 7.622717 7.607487 7.562425 7.486514 7.379135 7.240093 7.069644 6.868502 6.637845 6.379309 6.094972 5.787332 5.459266 5.113994 4.755026 4.386104
3.808079 3.808428 3.809393 3.811147 3.813888 3.817847 3.823287 3.830502 3.839825 3.851620 3.866289 3.884266 3.906015 3.932031 3.962830 3.998945 4.040918 4.089293 4.144601 4.207355 4.278030 4.357050 4.444776 4.541484 4.647352 4.762442 4.886681 5.019849 5.161558 5.311244 5.468153 5.631335 5.799636 5.971698 6.145966 6.320687 6.493932 6.663607 6.827477 6.983194 7.128330 7.260412 7.376961 7.475540 7.553791 7.609494 7.640601 7.645293 7.622018 7.569537 7.486956 7.373765 7.229856 7.055547 6.851590 6.619174 6.359920 6.075862 5.769426 5.443395 5.100871 4.745228 4.380053
3.816715 3.818588 3.821280 3.824978 3.829894 3.836272 3.844384 3.854535 3.867059 3.882324 3.900728 3.922697 3.948682 3.979157 4.014613 4.055550 4.102470 4.155871 4.216232 4.284003 4.359594 4.443358 4.535578 4.636454 4.746082 4.864441 4.991381 5.126603 5.269650 5.419894 5.576527 5.738556 5.904798 6.073882 6.244253 6.414181 6.581774 6.744994 6.901682 7.049583 7.186380 7.309721 7.417268 7.506728 7.575899 7.622717 7.645293 7.641960 7.611312 7.552243 7.463980 7.346110 7.198603 7.021832 6.816575 6.584023 6.325768 6.043789 5.740430 5.418369 5.080577 4.730279 4.370900
3.826355 3.829793 3.834240 3.839892 3.846975 3.855739 3.866462 3.879452 3.895044 3.913602 3.935513 3.961192 3.991071 4.025600 4.065237 4.110449 4.161693 4.219418 4.284048 4.355974 4.435538 4.523027 4.618650 4.722532 4.834695 4.955046 5.083364 5.219284 5.362291 5.511706 5.666682 5.826198 5.989058 6.153892 6.319164 6.483178 6.644096 6.799951 6.948671 7.088108 7.216062 7.330316 7.428674 7.508995 7.569236 7.607487 7.622018 7.611312 7.574104 7.509416 7.416585 7.295288 7.145567 6.967835 6.762891 6.531911 6.276451 5.998423 5.700078 5.383977 5.052953 4.710071 4.358582
3.836599 3.841583 3.847746 3.855294 3.864456 3.875487 3.888668 3.904305 3.922726 3.944288 3.969365 3.998353 4.031662 4.069712 4.112930 4.161740 4.216557 4.277779 4.345774 4.420874 4.503359 4.593449 4.691287 4.796929 4.910331 5.031336 5.159663 5.294893 5.436465 5.583665 5.735618 5.891292 6.049493 6.208867 6.367912 6.524981 6.678303 6.825994 6.966084 7.096538 7.215283 7.320243 7.409370 7.480677 7.532279 7.562425 7.569537 7.552243 7.509416 7.440196 7.344024 7.220659 7.070202 6.893098 6.690153 6.462523 6.211713 5.939559 5.648211 5.340100 5.017911 4.684543 4.343064
3.846989 3.853437 3.861210 3.870518 3.881592 3.894688 3.910083 3.928076 3.948989 3.973163 4.000955 4.032740 4.068900 4.109826 4.155906 4.207525 4.265052 4.328833 4.399185 4.476382 4.560644 4.652130 4.750922 4.857016 4.970311 5.090595 5.217539 5.350682 5.489431 5.633047 5.780647 5.931200 6.083527 6.236308 6.388085 6.537278 6.682192 6.821041 6.951962 7.073044 7.182349 7.277946 7.357937 7.420493 7.463883 7.486514 7.486956 7.463980 7.416585 7.344024 7.245832 7.121842 6.972201 6.797379 6.598178 6.375721 6.131455 5.867130 5.584782 5.286709 4.975436 4.653688 4.324343
3.857027 3.864795 3.874004 3.884866 3.897609 3.912485 3.929763 3.949735 3.972706 3.999003 4.028961 4.062930 4.101263 4.144317 4.192444 4.245985 4.305264 4.370580 4.442197 4.520336 4.605163 4.696780 4.795218 4.900419 5.012235 5.130410 5.254578 5.384250 5.518812 5.657518 5.799486 5.943703 6.089020 6.234161 6.377729 6.518220 6.654030 6.783476 6.904815 7.016264 7.116028 7.202320 7.273398 7.327587 7.363314 7.379135 7.373765 7.346110 7.295288 7.220659 7.121842 6.998731 6.851513 6.680670 6.486990 6.271555 6.035743 5.781209 5.509868 5.223873 4.925588 4.617551 4.302446
3.866202 3.875087 3.885497 3.897638 3.911736 3.928033 3.946788 3.968278 3.992795 4.020642 4.052132 4.087587 4.127330 4.171682 4.220958 4.275457 4.335461 4.401220 4.472950 4.550825 4.634959 4.725410 4.822160 4.925110 5.034072 5.148760 5.268781 5.393631 5.522689 5.655213 5.790339 5.927083 6.064339 6.200891 6.335413 6.466487 6.592609 6.712211 6.823674 6.925351 7.015589 7.092754 7.155255 7.201572 7.230284 7.240093 7.229856 7.198603 7.145567 7.070202 6.972201 6.851513 6.708351 6.543204 6.356832 6.150268 5.924812 5.682015 5.423665 5.151763 4.868502 4.576233 4.277436
3.874020 3.883767 3.895086 3.908175 3.923252 3.940547 3.960306 3.982790 4.008269 4.037024 4.069345 4.105522 4.145846 4.190605 4.240075 4.294516 4.354165 4.419233 4.489891 4.566267 4.648436 4.736412 4.830141 4.929491 5.034246 5.144099 5.258644 5.377374 5.499672 5.624815 5.751970 5.880192 6.008435 6.135548 6.260292 6.381342 6.497306 6.606734 6.708139 6.800013 6.880849 6.949164 7.003519 7.042546 7.064973 7.069644 7.055547 7.021832 6.967835 6.893098 6.797379 6.680670 6.543204 6.385460 6.208167 6.012299 5.799069 5.569917 5.326496 5.070650 4.804395 4.529890 4.249407
3.880035 3.890345 3.902233 3.915891 3.931521 3.949342 3.969581 3.992481 4.018289 4.047264 4.079664 4.115753 4.155789 4.200025 4.248699 4.302034 4.360230 4.423456 4.491846 4.565488 4.644423 4.728632 4.818033 4.912468 5.011707 5.115430 5.223231 5.334610 5.448971 5.565619 5.683761 5.802510 5.920883 6.037813 6.152151 6.262678 6.368116 6.467144 6.558408 6.640543 6.712190 6.772015 6.818731 6.851120 6.868049 6.868502 6.851590 6.816575 6.762891 6.690153 6.598178 6.486990 6.356832 6.208167 6.041683 5.858285 5.659094 5.445430 5.218807 4.980906 4.733561 4.478734 4.218487
3.883870 3.894411 3.906498 3.920309 3.936035 3.953873 3.974036 3.996742 4.022216 4.050689 4.082394 4.117563 4.156421 4.199188 4.246068 4.297248 4.352893 4.413137 4.478080 4.547778 4.622245 4.701435 4.785247 4.873510 4.965985 5.062354 5.162221 5.265104 5.370438 5.477568 5.585756 5.694178 5.801930 5.908032 6.011437 6.111038 6.205680 6.294171 6.375297 6.447836 6.510578 6.562336 6.601974 6.628415 6.640668 6.637845 6.619174 6.584023 6.531911 6.462523 6.375721 6.271555 6.150268 6.012299 5.858285 5.689057 5.505635 5.309216 5.101166 4.883001 4.656369 4.423031 4.184838
