commandline/PreCompiled/example/data/topo.grd
DSAA
128	128
-63.500000	63.500000
-63.500000	63.500000
0.000000	7.645293
[rows 84 to 111 of 128, columns 0 to 62 of 128]
3.854366 3.857834 3.861304 3.864667 3.867785 3.870490 3.872577 3.873802 3.873881 3.872483 3.869234 3.863711 3.855444 3.843919 3.828576 3.808819 3.784017 3.753514 3.716639 3.672719 3.621091 3.561117 3.492205 3.413826 3.325536 3.226996 3.117995 2.998474 2.868543 2.728505 2.578874 2.420386 2.254016 2.080983 1.902755 1.721042 1.537791 1.355174 1.175559 1.001489 0.835645 0.680807 0.539806 0.415478 0.310605 0.227861 0.169753 0.138565 0.136297 0.164615 0.224800 0.317705 0.443721 0.602746 0.794173 1.016878 1.269226 1.549086 1.853859 2.180512 2.525627 2.885458 3.255996
3.856721 3.861081 3.865631 3.870290 3.874945 3.879454 3.883639 3.887282 3.890124 3.891859 3.892131 3.890534 3.886611 3.879854 3.869703 3.855555 3.836763 3.812647 3.782503 3.745612 3.701259 3.648741 3.587392 3.516602 3.435834 3.344653 3.242744 3.129941 3.006248 2.871860 2.727186 2.572868 2.409791 2.239099 2.062193 1.880740 1.696659 1.512109 1.329472 1.151323 0.980398 0.819550 0.671704 0.539806 0.426764 0.335388 0.268331 0.228025 0.216618 0.235923 0.287356 0.371895 0.490038 0.641774 0.826561 1.043319 1.290431 1.565758 1.866667 2.190068 2.532467 2.890018 3.258599
3.857406 3.862428 3.867813 3.873505 3.879419 3.885441 3.891424 3.897180 3.902478 3.907040 3.910536 3.912584 3.912746 3.910526 3.905374 3.896687 3.883810 3.866047 3.842669 3.812921 3.776039 3.731263 3.677859 3.615137 3.542471 3.459329 3.365292 3.260084 3.143596 3.015909 2.877320 2.728363 2.569822 2.402748 2.228467 2.048580 1.864961 1.679741 1.495298 1.314220 1.139279 0.973388 0.819550 0.680807 0.560181 0.460609 0.384881 0.335571 0.314976 0.325050 0.367347 0.442973 0.552539 0.696129 0.873277 1.082956 1.323578 1.593007 1.888592 2.207200 2.545271 2.898877 3.263797
3.856554 3.862002 3.867964 3.874408 3.881281 3.888498 3.895943 3.903461 3.910854 3.917877 3.924230 3.929561 3.933457 3.935443 3.934985 3.931488 3.924301 3.912720 3.895997 3.873350 3.843977 3.807067 3.761824 3.707482 3.643334 3.568751 3.483212 3.386328 3.277875 3.157814 3.026324 2.883820 2.730975 2.568735 2.398333 2.221291 2.039419 1.854805 1.669799 1.486989 1.309165 1.139279 0.980398 0.835645 0.708142 0.600943 0.516962 0.458913 0.429231 0.430010 0.462943 0.529265 0.629703 0.764444 0.933103 1.134715 1.367733 1.630037 1.918970 2.231368 2.563623 2.911739 3.271414
3.854360 3.860002 3.866283 3.873197 3.880719 3.888797 3.897347 3.906248 3.915340 3.924411 3.933200 3.941387 3.948591 3.954366 3.958201 3.959520 3.957679 3.951979 3.941664 3.925933 3.903953 3.874874 3.837844 3.792032 3.736651 3.670982 3.594402 3.506414 3.406676 3.295026 3.171519 3.036444 2.890353 2.734077 2.568740 2.395772 2.216901 2.034154 1.849839 1.666521 1.486989 1.314220 1.151323 1.001489 0.867924 0.753783 0.662099 0.595709 0.557184 0.548755 0.572249 0.629028 0.719941 0.845280 1.004750 1.197456 1.421901 1.675995 1.957084 2.261993 2.587076 2.928288 3.281259
3.851069 3.856686 3.863039 3.870147 3.878013 3.886617 3.895907 3.905801 3.916174 3.926855 3.937620 3.948189 3.958219 3.967299 3.974948 3.980615 3.983678 3.983447 3.979168 3.970034 3.955192 3.933759 3.904839 3.867543 3.821013 3.764445 3.697122 3.618438 3.527935 3.425329 3.310546 3.183744 3.045346 2.896058 2.736885 2.569147 2.394478 2.214827 2.032439 1.849839 1.669799 1.495298 1.329472 1.175559 1.036835 0.916542 0.817816 0.743611 0.696621 0.679208 0.693330 0.740478 0.821618 0.937154 1.086885 1.269996 1.485047 1.729989 2.002187 2.298465 2.615159 2.948188 3.293134
3.846957 3.852350 3.858547 3.865591 3.873512 3.882318 3.891994 3.902491 3.913724 3.925562 3.937826 3.950276 3.962612 3.974463 3.985387 3.994866 4.002306 4.007037 4.008319 4.005346 3.997256 3.983147 3.962087 3.933140 3.895385 3.847943 3.790006 3.720869 3.639958 3.546870 3.441398 3.323570 3.193670 3.052272 2.900254 2.738812 2.569473 2.394088 2.214827 2.034154 1.854805 1.679741 1.512109 1.355174 1.212264 1.086693 0.981686 0.900299 0.845342 0.819299 0.824252 0.861817 0.933081 1.038558 1.178149 1.351121 1.556105 1.791101 2.053505 2.340155 2.647384 2.971092 3.306828
3.842308 3.847309 3.853151 3.859900 3.867611 3.876320 3.886044 3.896770 3.908453 3.921004 3.934285 3.948105 3.962208 3.976269 3.989889 4.002593 4.013820 4.022933 4.029212 4.031864 4.030032 4.022801 4.009218 3.988310 3.959104 3.920655 3.872075 3.812562 3.741436 3.658175 3.562443 3.454134 3.333394 3.200656 3.056659 2.902472 2.739495 2.569473 2.394478 2.216901 2.039419 1.864961 1.696659 1.537791 1.391719 1.261809 1.151360 1.063519 1.001197 0.966990 0.963100 0.991263 1.052683 1.147986 1.277176 1.439612 1.634000 1.858399 2.110252 2.386422 2.683254 2.996645 3.322131
3.837406 3.841876 3.847197 3.853455 3.860724 3.869069 3.878536 3.889147 3.900894 3.913730 3.927564 3.942249 3.957579 3.973278 3.988998 4.004307 4.018692 4.031550 4.042196 4.049860 4.053696 4.052794 4.046189 4.032883 4.011863 3.982128 3.942720 3.892752 3.831442 3.758155 3.672432 3.574030 3.462957 3.339501 3.204261 3.058161 2.902472 2.738812 2.569147 2.395772 2.221291 2.048580 1.880740 1.721042 1.572858 1.439595 1.324605 1.231111 1.162114 1.120312 1.108015 1.127072 1.178806 1.263950 1.382615 1.534254 1.717657 1.930953 2.171639 2.436620 2.722266 3.024488 3.338827
3.832510 3.836348 3.841021 3.846628 3.853265 3.861018 3.869963 3.880152 3.891614 3.904342 3.918290 3.933358 3.949392 3.966168 3.983389 4.000676 4.017565 4.033501 4.047838 4.059840 4.068686 4.073479 4.073255 4.067003 4.053683 4.032253 4.001692 3.961039 3.909422 3.846098 3.770489 3.682223 3.581169 3.467469 3.341573 3.204261 3.056659 2.900254 2.736885 2.568740 2.398333 2.228467 2.062193 1.902755 1.753521 1.617914 1.499327 1.401040 1.326129 1.277381 1.257207 1.267563 1.309879 1.385001 1.493142 1.633855 1.806020 2.007843 2.236887 2.490110 2.763923 3.054267 3.356702
3.827852 3.830992 3.834927 3.839767 3.845623 3.852604 3.860805 3.870311 3.881184 3.893454 3.907119 3.922127 3.938373 3.955687 3.973828 3.992474 4.011214 4.029548 4.046876 4.062507 4.075653 4.085443 4.090925 4.091090 4.084883 4.071231 4.049066 4.017364 3.975171 3.921648 3.856107 3.778049 3.687206 3.583580 3.467469 3.339501 3.200656 3.052272 2.896058 2.734077 2.568735 2.402748 2.239099 2.080983 1.931748 1.794814 1.673594 1.571411 1.491401 1.436425 1.408985 1.411132 1.444402 1.509745 1.607480 1.737261 1.898059 2.088170 2.305231 2.546263 2.807734 3.085629 3.375546
3.823620 3.826032 3.829178 3.833177 3.838151 3.844223 3.851512 3.860125 3.870155 3.881670 3.894705 3.909255 3.925266 3.942621 3.961136 3.980546 4.000502 4.020559 4.040176 4.058710 4.075419 4.089465 4.099925 4.105800 4.106034 4.099536 4.085207 4.061969 4.028802 3.984780 3.929112 3.861183 3.780595 3.687206 3.581169 3.462957 3.333394 3.193670 3.045346 2.890353 2.730975 2.569822 2.409791 2.254016 2.105798 1.968540 1.845657 1.740495 1.656235 1.595800 1.561765 1.556273 1.580953 1.636858 1.724410 1.843363 1.992788 2.171070 2.375933 2.604473 2.853225 3.118236 3.395153
3.819957 3.821645 3.823988 3.827111 3.831145 3.836223 3.842479 3.850044 3.859035 3.869552 3.881668 3.895421 3.910804 3.927753 3.946141 3.965764 3.986334 4.007468 4.028685 4.049401 4.068927 4.086471 4.101144 4.111973 4.117913 4.117871 4.110727 4.095365 4.070710 4.035763 3.989641 3.931621 3.861183 3.778049 3.682223 3.574030 3.454134 3.323570 3.183744 3.036444 2.883820 2.728363 2.572868 2.420386 2.274158 2.137549 2.013958 1.906737 1.819095 1.754000 1.714092 1.701590 1.718210 1.765100 1.842783 1.951115 2.089265 2.255718 2.448286 2.664155 2.899939 3.151757 3.415327
3.816959 3.817953 3.819515 3.821766 3.824843 3.828886 3.834042 3.840456 3.848269 3.857606 3.868575 3.881253 3.895676 3.911834 3.929654 3.948991 3.969620 3.991224 4.013387 4.035588 4.057198 4.077478 4.095588 4.110589 4.121461 4.127120 4.126439 4.118282 4.101530 4.075123 4.038100 3.989641 3.929112 3.856107 3.770489 3.672432 3.562443 3.441398 3.310546 3.171519 3.026324 2.877320 2.727186 2.578874 2.435547 2.300513 2.177139 2.068766 1.978611 1.909675 1.864645 1.845806 1.854953 1.893323 1.961532 2.059537 2.186609 2.341334 2.521624 2.724758 2.947442 3.185883 3.435880
3.814673 3.815031 3.815858 3.817276 3.819418 3.822429 3.826463 3.831676 3.838226 3.846262 3.855919 3.867308 3.880509 3.895556 3.912430 3.931046 3.951240 3.972763 3.995264 4.018292 4.041282 4.063558 4.084334 4.102719 4.117728 4.128299 4.133314 4.131625 4.122088 4.103596 4.075123 4.035763 3.984780 3.921648 3.846098 3.758155 3.658175 3.546870 3.425329 3.295026 3.157814 3.015909 2.871860 2.728505 2.588916 2.456325 2.334049 2.225399 2.133587 2.061628 2.012246 1.987775 1.990080 2.020477 2.079674 2.167725 2.284002 2.427196 2.595322 2.785764 2.995328 3.220319 3.456634
3.813103 3.812901 3.813066 3.813715 3.814976 3.816996 3.819929 3.823940 3.829197 3.835867 3.844108 3.854061 3.865842 3.879529 3.895152 3.912681 3.932015 3.952969 3.975262 3.998511 4.022224 4.045791 4.068488 4.089481 4.107832 4.122512 4.132425 4.136428 4.133361 4.122088 4.101530 4.070710 4.028802 3.975171 3.909422 3.831442 3.741436 3.639958 3.527935 3.406676 3.277875 3.143596 3.006248 2.868543 2.733442 2.604090 2.483735 2.375642 2.283002 2.208827 2.155862 2.126481 2.122604 2.145621 2.196322 2.274855 2.380695 2.512637 2.668805 2.846693 3.043218 3.254793 3.477425
3.812217 3.811543 3.811136 3.811102 3.811565 3.812664 3.814555 3.817404 3.821385 3.826678 3.833458 3.841891 3.852123 3.864271 3.878409 3.894560 3.912681 3.932650 3.954256 3.977187 4.001023 4.025225 4.049140 4.071997 4.092913 4.110906 4.124912 4.133804 4.136428 4.131625 4.118282 4.095365 4.061969 4.017364 3.961039 3.892752 3.812562 3.720869 3.618438 3.506414 3.386328 3.260084 3.129941 2.998474 2.868521 2.743122 2.625444 2.518689 2.426008 2.350400 2.294610 2.261043 2.251662 2.267919 2.310682 2.380189 2.476012 2.597052 2.741547 2.907107 3.090765 3.289055 3.498102
3.811951 3.810901 3.810021 3.809407 3.809172 3.809449 3.810387 3.812149 3.814914 3.818866 3.824193 3.831080 3.839698 3.850195 3.862687 3.877243 3.893874 3.912520 3.933035 3.955180 3.978606 4.002852 4.027336 4.051357 4.074097 4.094629 4.111932 4.124912 4.132425 4.133314 4.126439 4.110727 4.085207 4.049066 4.001692 3.942720 3.872075 3.790006 3.697122 3.594402 3.483212 3.365292 3.242744 3.117995 2.993750 2.872933 2.758611 2.653911 2.561929 2.485630 2.427754 2.390715 2.376512 2.386648 2.422062 2.483072 2.569350 2.679902 2.813079 2.966611 3.137657 3.322878 3.518527
3.812219 3.810892 3.809645 3.808562 3.807743 3.807312 3.807407 3.808188 3.809829 3.812517 3.816446 3.821813 3.828809 3.837609 3.848361 3.861177 3.876118 3.893179 3.912280 3.933247 3.955808 3.979575 4.004044 4.028588 4.052460 4.074796 4.094629 4.110906 4.122512 4.128299 4.127120 4.117871 4.099536 4.071231 4.032253 3.982128 3.920655 3.847943 3.764445 3.670982 3.568751 3.459329 3.344653 3.226996 3.108920 2.993219 2.882851 2.780851 2.690246 2.613957 2.554697 2.514883 2.496533 2.501194 2.529863 2.582939 2.660184 2.760709 2.882982 3.024854 3.183614 3.356057 3.538577
3.812919 3.811412 3.809904 3.808465 3.807184 3.806169 3.805550 3.805474 3.806111 3.807643 3.810267 3.814186 3.819604 3.826717 3.835700 3.846701 3.859823 3.875115 3.892554 3.912033 3.933350 3.956194 3.980137 4.004632 4.029004 4.052460 4.074097 4.092913 4.107832 4.117728 4.121461 4.117913 4.106034 4.084883 4.053683 4.011863 3.959104 3.895385 3.821013 3.736651 3.643334 3.542471 3.435834 3.325536 3.213987 3.103844 2.997941 2.899211 2.810598 2.734962 2.674982 2.633058 2.611221 2.611047 2.633586 2.679308 2.748063 2.839064 2.950893 3.081527 3.228389 3.388415 3.558142
3.813945 3.812347 3.810679 3.808996 3.807373 3.805905 3.804705 3.803912 3.803682 3.804191 3.805634 3.808213 3.812141 3.817627 3.824868 3.834040 3.845284 3.858694 3.874301 3.892059 3.911835 3.933391 3.956377 3.980322 4.004632 4.028588 4.051357 4.071997 4.089481 4.102719 4.110589 4.111973 4.105800 4.091090 4.067003 4.032883 3.988310 3.933140 3.867543 3.792032 3.707482 3.615137 3.516602 3.413826 3.309063 3.204824 3.103809 3.008839 2.922761 2.848364 2.788277 2.744873 2.720183 2.715802 2.732824 2.771783 2.832610 2.914618 3.016502 3.136368 3.271772 3.419797 3.577129
3.815191 3.813581 3.811844 3.810022 3.808175 3.806380 3.804738 3.803371 3.802422 3.802058 3.802463 3.803840 3.806400 3.810361 3.815934 3.823319 3.832686 3.844169 3.857845 3.873727 3.891744 3.911727 3.933402 3.956377 3.980137 4.004044 4.027336 4.049140 4.068488 4.084334 4.095588 4.101144 4.099925 4.090925 4.073255 4.046189 4.009218 3.962087 3.904839 3.837844 3.761824 3.677859 3.587392 3.492205 3.394391 3.296307 3.200517 3.109714 3.026643 2.954006 2.894371 2.850075 2.823133 2.815152 2.827260 2.860046 2.913519 2.987086 3.079555 3.189155 3.313585 3.450071 3.595458
3.816554 3.815001 3.813277 3.811410 3.809445 3.807445 3.805493 3.803695 3.802179 3.801098 3.800625 3.800955 3.802295 3.804865 3.808886 3.814571 3.822115 3.831685 3.843399 3.857319 3.873432 3.891635 3.911727 3.933391 3.956194 3.979575 4.002852 4.025225 4.045791 4.063558 4.077478 4.086471 4.089465 4.085443 4.073479 4.052794 4.022801 3.983147 3.933759 3.874874 3.807067 3.731263 3.648741 3.561117 3.470323 3.378559 3.288242 3.201935 3.122266 3.051844 2.993163 2.948513 2.919882 2.908881 2.916660 2.943857 2.990552 3.056241 3.139843 3.239711 3.353680 3.479130 3.613063
3.817947 3.816505 3.814861 3.813030 3.811042 3.808946 3.806808 3.804716 3.802782 3.801142 3.799955 3.799404 3.799689 3.801026 3.803639 3.807749 3.813571 3.821293 3.831071 3.843007 3.857141 3.873432 3.891744 3.911835 3.933350 3.955808 3.978606 4.001023 4.022224 4.041282 4.057198 4.068927 4.075419 4.075653 4.068686 4.053696 4.030032 3.997256 3.955192 3.903953 3.843977 3.776039 3.701259 3.621091 3.537304 3.451939 3.367263 3.285699 3.209754 3.141933 3.084649 3.040130 3.010333 2.996857 3.000869 3.023048 3.063535 3.121915 3.197209 3.287894 3.391944 3.506889 3.629890
3.819294 3.818003 3.816491 3.814763 3.812834 3.810737 3.808523 3.806263 3.804051 3.802005 3.800267 3.799006 3.798410 3.798686 3.800056 3.802745 3.806978 3.812961 3.820876 3.830863 3.843007 3.857319 3.873727 3.892059 3.912033 3.933247 3.955180 3.977187 3.998511 4.018292 4.035588 4.049401 4.058710 4.062507 4.059840 4.049860 4.031864 4.005346 3.970034 3.925933 3.873350 3.812921 3.745612 3.672719 3.595849 3.516884 3.437937 3.361290 3.289319 3.224419 3.168911 3.124957 3.094468 3.079026 3.079805 3.097514 3.132354 3.183988 3.251538 3.333603 3.428291 3.533283 3.645901
3.820535 3.819423 3.818081 3.816506 3.814700 3.812683 3.810489 3.808172 3.805809 3.803499 3.801367 3.799562 3.798259 3.797654 3.797959 3.799400 3.802202 3.806587 3.812756 3.820876 3.831071 3.843399 3.857845 3.874301 3.892554 3.912280 3.933035 3.954256 3.975262 3.995264 4.013387 4.028685 4.040176 4.046876 4.047838 4.042196 4.029212 4.008319 3.979168 3.941664 3.895997 3.842669 3.782503 3.716639 3.646527 3.573892 3.500691 3.429061 3.361244 3.299519 3.246107 3.203095 3.172342 3.155402 3.153447 3.167213 3.196949 3.242392 3.302761 3.376770 3.462662 3.558266 3.661065
3.821628 3.820708 3.819562 3.818174 3.816540 3.814666 3.812570 3.810292 3.807890 3.805444 3.803060 3.800870 3.799030 3.797721 3.797145 3.797519 3.799069 3.802020 3.806587 3.812961 3.821293 3.831685 3.844169 3.858694 3.875115 3.893179 3.912520 3.932650 3.952969 3.972763 3.991224 4.007468 4.020559 4.029548 4.033501 4.031550 4.022933 4.007037 3.983447 3.951979 3.912720 3.866047 3.812647 3.753514 3.689943 3.623503 3.556000 3.489421 3.425875 3.367514 3.316459 3.274712 3.244073 3.226059 3.221837 3.232155 3.257308 3.297101 3.350842 3.417358 3.495023 3.581812 3.675367
3.822545 3.821821 3.820881 3.819703 3.818274 3.816588 3.814652 3.812489 3.810141 3.807670 3.805163 3.802732 3.800514 3.798674 3.797397 3.796890 3.797372 3.799069 3.802202 3.806978 3.813571 3.822115 3.832686 3.845284 3.859823 3.876118 3.893874 3.912681 3.932015 3.951240 3.969620 3.986334 4.000502 4.011214 4.017565 4.018692 4.013820 4.002306 3.983678 3.957679 3.924301 3.883810 3.836763 3.784017 3.726719 3.666287 3.604375 3.542822 3.483600 3.428736 3.380241 3.340029 3.309832 3.291127 3.285063 3.292399 3.313466 3.348128 3.395782 3.455360 3.525363 3.603910 3.688799
