commandline/PreCompiled/example/data/topo.grd
DSAA
128	128
-63.500000	63.500000
-63.500000	63.500000
0.000000	7.645293
[rows 28 to 55 of 128, columns 63 to 125 of 128]
3.938478 3.706815 3.477425 3.254793 3.043218 2.846693 2.668805 2.512637 2.380695 2.274855 2.196322 2.145621 2.122604 2.126481 2.155862 2.208827 2.283002 2.375642 2.483735 2.604090 2.733442 2.868543 3.006248 3.143596 3.277875 3.406676 3.527935 3.639958 3.741436 3.831442 3.909422 3.975171 4.028802 4.070710 4.101530 4.122088 4.133361 4.136428 4.132425 4.122512 4.107832 4.089481 4.068488 4.045791 4.022224 3.998511 3.975262 3.952969 3.932015 3.912681 3.895152 3.879529 3.865842 3.854061 3.844108 3.835867 3.829197 3.823940 3.819929 3.816996 3.814976 3.813715 3.813066
3.945426 3.699867 3.456634 3.220319 2.995328 2.785764 2.595322 2.427196 2.284002 2.167725 2.079674 2.020477 1.990080 1.987775 2.012246 2.061628 2.133587 2.225399 2.334049 2.456325 2.588916 2.728505 2.871860 3.015909 3.157814 3.295026 3.425329 3.546870 3.658175 3.758155 3.846098 3.921648 3.984780 4.035763 4.075123 4.103596 4.122088 4.131625 4.133314 4.128299 4.117728 4.102719 4.084334 4.063558 4.041282 4.018292 3.995264 3.972763 3.951240 3.931046 3.912430 3.895556 3.880509 3.867308 3.855919 3.846262 3.838226 3.831676 3.826463 3.822429 3.819418 3.817276 3.815858
3.952360 3.692933 3.435880 3.185883 2.947442 2.724758 2.521624 2.341334 2.186609 2.059537 1.961532 1.893323 1.854953 1.845806 1.864645 1.909675 1.978611 2.068766 2.177139 2.300513 2.435547 2.578874 2.727186 2.877320 3.026324 3.171519 3.310546 3.441398 3.562443 3.672432 3.770489 3.856107 3.929112 3.989641 4.038100 4.075123 4.101530 4.118282 4.126439 4.127120 4.121461 4.110589 4.095588 4.077478 4.057198 4.035588 4.013387 3.991224 3.969620 3.948991 3.929654 3.911834 3.895676 3.881253 3.868575 3.857606 3.848269 3.840456 3.834042 3.828886 3.824843 3.821766 3.819515
3.959223 3.686069 3.415327 3.151757 2.899939 2.664155 2.448286 2.255718 2.089265 1.951115 1.842783 1.765100 1.718210 1.701590 1.714092 1.754000 1.819095 1.906737 2.013958 2.137549 2.274158 2.420386 2.572868 2.728363 2.883820 3.036444 3.183744 3.323570 3.454134 3.574030 3.682223 3.778049 3.861183 3.931621 3.989641 4.035763 4.070710 4.095365 4.110727 4.117871 4.117913 4.111973 4.101144 4.086471 4.068927 4.049401 4.028685 4.007468 3.986334 3.965764 3.946141 3.927753 3.910804 3.895421 3.881668 3.869552 3.859035 3.850044 3.842479 3.836223 3.831145 3.827111 3.823988
3.965958 3.679335 3.395153 3.118236 2.853225 2.604473 2.375933 2.171070 1.992788 1.843363 1.724410 1.636858 1.580953 1.556273 1.561765 1.595800 1.656235 1.740495 1.845657 1.968540 2.105798 2.254016 2.409791 2.569822 2.730975 2.890353 3.045346 3.193670 3.333394 3.462957 3.581169 3.687206 3.780595 3.861183 3.929112 3.984780 4.028802 4.061969 4.085207 4.099536 4.106034 4.105800 4.099925 4.089465 4.075419 4.058710 4.040176 4.020559 4.000502 3.980546 3.961136 3.942621 3.925266 3.909255 3.894705 3.881670 3.870155 3.860125 3.851512 3.844223 3.838151 3.833177 3.829178
3.972501 3.672792 3.375546 3.085629 2.807734 2.546263 2.305231 2.088170 1.898059 1.737261 1.607480 1.509745 1.444402 1.411132 1.408985 1.436425 1.491401 1.571411 1.673594 1.794814 1.931748 2.080983 2.239099 2.402748 2.568735 2.734077 2.896058 3.052272 3.200656 3.339501 3.467469 3.583580 3.687206 3.778049 3.856107 3.921648 3.975171 4.017364 4.049066 4.071231 4.084883 4.091090 4.090925 4.085443 4.075653 4.062507 4.046876 4.029548 4.011214 3.992474 3.973828 3.955687 3.938373 3.922127 3.907119 3.893454 3.881184 3.870311 3.860805 3.852604 3.845623 3.839767 3.834927
3.978786 3.666506 3.356702 3.054267 2.763923 2.490110 2.236887 2.007843 1.806020 1.633855 1.493142 1.385001 1.309879 1.267563 1.257207 1.277381 1.326129 1.401040 1.499327 1.617914 1.753521 1.902755 2.062193 2.228467 2.398333 2.568740 2.736885 2.900254 3.056659 3.204261 3.341573 3.467469 3.581169 3.682223 3.770489 3.846098 3.909422 3.961039 4.001692 4.032253 4.053683 4.067003 4.073255 4.073479 4.068686 4.059840 4.047838 4.033501 4.017565 4.000676 3.983389 3.966168 3.949392 3.933358 3.918290 3.904342 3.891614 3.880152 3.869963 3.861018 3.853265 3.846628 3.841021
3.984746 3.660547 3.338827 3.024488 2.722266 2.436620 2.171639 1.930953 1.717657 1.534254 1.382615 1.263950 1.178806 1.127072 1.108015 1.120312 1.162114 1.231111 1.324605 1.439595 1.572858 1.721042 1.880740 2.048580 2.221291 2.395772 2.569147 2.738812 2.902472 3.058161 3.204261 3.339501 3.462957 3.574030 3.672432 3.758155 3.831442 3.892752 3.942720 3.982128 4.011863 4.032883 4.046189 4.052794 4.053696 4.049860 4.042196 4.031550 4.018692 4.004307 3.988998 3.973278 3.957579 3.942249 3.927564 3.913730 3.900894 3.889147 3.878536 3.869069 3.860724 3.853455 3.847197
3.990309 3.654983 3.322131 2.996645 2.683254 2.386422 2.110252 1.858399 1.634000 1.439612 1.277176 1.147986 1.052683 0.991263 0.963100 0.966990 1.001197 1.063519 1.151360 1.261809 1.391719 1.537791 1.696659 1.864961 2.039419 2.216901 2.394478 2.569473 2.739495 2.902472 3.056659 3.200656 3.333394 3.454134 3.562443 3.658175 3.741436 3.812562 3.872075 3.920655 3.959104 3.988310 4.009218 4.022801 4.030032 4.031864 4.029212 4.022933 4.013820 4.002593 3.989889 3.976269 3.962208 3.948105 3.934285 3.921004 3.908453 3.896770 3.886044 3.876320 3.867611 3.859900 3.853151
3.995405 3.649888 3.306828 2.971092 2.647384 2.340155 2.053505 1.791101 1.556105 1.351121 1.178149 1.038558 0.933081 0.861817 0.824252 0.819299 0.845342 0.900299 0.981686 1.086693 1.212264 1.355174 1.512109 1.679741 1.854805 2.034154 2.214827 2.394088 2.569473 2.738812 2.900254 3.052272 3.193670 3.323570 3.441398 3.546870 3.639958 3.720869 3.790006 3.847943 3.895385 3.933140 3.962087 3.983147 3.997256 4.005346 4.008319 4.007037 4.002306 3.994866 3.985387 3.974463 3.962612 3.950276 3.937826 3.925562 3.913724 3.902491 3.891994 3.882318 3.873512 3.865591 3.858547
3.999962 3.645331 3.293134 2.948188 2.615159 2.298465 2.002187 1.729989 1.485047 1.269996 1.086885 0.937154 0.821618 0.740478 0.693330 0.679208 0.696621 0.743611 0.817816 0.916542 1.036835 1.175559 1.329472 1.495298 1.669799 1.849839 2.032439 2.214827 2.394478 2.569147 2.736885 2.896058 3.045346 3.183744 3.310546 3.425329 3.527935 3.618438 3.697122 3.764445 3.821013 3.867543 3.904839 3.933759 3.955192 3.970034 3.979168 3.983447 3.983678 3.980615 3.974948 3.967299 3.958219 3.948189 3.937620 3.926855 3.916174 3.905801 3.895907 3.886617 3.878013 3.870147 3.863039
4.003909 3.641384 3.281259 2.928288 2.587076 2.261993 1.957084 1.675995 1.421901 1.197456 1.004750 0.845280 0.719941 0.629028 0.572249 0.548755 0.557184 0.595709 0.662099 0.753783 0.867924 1.001489 1.151323 1.314220 1.486989 1.666521 1.849839 2.034154 2.216901 2.395772 2.568740 2.734077 2.890353 3.036444 3.171519 3.295026 3.406676 3.506414 3.594402 3.670982 3.736651 3.792032 3.837844 3.874874 3.903953 3.925933 3.941664 3.951979 3.957679 3.959520 3.958201 3.954366 3.948591 3.941387 3.933200 3.924411 3.915340 3.906248 3.897347 3.888797 3.880719 3.873197 3.866283
4.007177 3.638116 3.271414 2.911739 2.563623 2.231368 1.918970 1.630037 1.367733 1.134715 0.933103 0.764444 0.629703 0.529265 0.462943 0.430010 0.429231 0.458913 0.516962 0.600943 0.708142 0.835645 0.980398 1.139279 1.309165 1.486989 1.669799 1.854805 2.039419 2.221291 2.398333 2.568735 2.730975 2.883820 3.026324 3.157814 3.277875 3.386328 3.483212 3.568751 3.643334 3.707482 3.761824 3.807067 3.843977 3.873350 3.895997 3.912720 3.924301 3.931488 3.934985 3.935443 3.933457 3.929561 3.924230 3.917877 3.910854 3.903461 3.895943 3.888498 3.881281 3.874408 3.867964
4.009698 3.635594 3.263797 2.898877 2.545271 2.207200 1.888592 1.593007 1.323578 1.082956 0.873277 0.696129 0.552539 0.442973 0.367347 0.325050 0.314976 0.335571 0.384881 0.460609 0.560181 0.680807 0.819550 0.973388 1.139279 1.314220 1.495298 1.679741 1.864961 2.048580 2.228467 2.402748 2.569822 2.728363 2.877320 3.015909 3.143596 3.260084 3.365292 3.459329 3.542471 3.615137 3.677859 3.731263 3.776039 3.812921 3.842669 3.866047 3.883810 3.896687 3.905374 3.910526 3.912746 3.912584 3.910536 3.907040 3.902478 3.897180 3.891424 3.885441 3.879419 3.873505 3.867813
4.011411 3.633881 3.258599 2.890018 2.532467 2.190068 1.866667 1.565758 1.290431 1.043319 0.826561 0.641774 0.490038 0.371895 0.287356 0.235923 0.216618 0.228025 0.268331 0.335388 0.426764 0.539806 0.671704 0.819550 0.980398 1.151323 1.329472 1.512109 1.696659 1.880740 2.062193 2.239099 2.409791 2.572868 2.727186 2.871860 3.006248 3.129941 3.242744 3.344653 3.435834 3.516602 3.587392 3.648741 3.701259 3.745612 3.782503 3.812647 3.836763 3.855555 3.869703 3.879854 3.886611 3.890534 3.892131 3.891859 3.890124 3.887282 3.883639 3.879454 3.874945 3.870290 3.865631
4.012257 3.633036 3.255996 2.885458 2.525627 2.180512 1.853859 1.549086 1.269226 1.016878 0.794173 0.602746 0.443721 0.317705 0.224800 0.164615 0.136297 0.138565 0.169753 0.227861 0.310605 0.415478 0.539806 0.680807 0.835645 1.001489 1.175559 1.355174 1.537791 1.721042 1.902755 2.080983 2.254016 2.420386 2.578874 2.728505 2.868543 2.998474 3.117995 3.226996 3.325536 3.413826 3.492205 3.561117 3.621091 3.672719 3.716639 3.753514 3.784017 3.808819 3.828576 3.843919 3.855444 3.863711 3.869234 3.872483 3.873881 3.873802 3.872577 3.870490 3.867785 3.864667 3.861304
4.012182 3.633111 3.256146 2.885463 2.525127 2.179020 1.850778 1.543724 1.260821 1.004624 0.777243 0.580319 0.415009 0.281978 0.181409 0.113013 0.076057 0.069393 0.091501 0.140530 0.214350 0.310605 0.426764 0.560181 0.708142 0.867924 1.036835 1.212264 1.391719 1.572858 1.753521 1.931748 2.105798 2.274158 2.435547 2.588916 2.733442 2.868521 2.993750 3.108920 3.213987 3.309063 3.394391 3.470323 3.537304 3.595849 3.646527 3.689943 3.726719 3.757486 3.782868 3.803472 3.819881 3.832645 3.842280 3.849261 3.854019 3.856945 3.858385 3.858646 3.857993 3.856653 3.854820
4.011141 3.634152 3.259188 2.890266 2.531299 2.186027 1.857961 1.550320 1.265984 1.007448 0.776791 0.575648 0.405199 0.266158 0.158779 0.082868 0.037806 0.022576 0.035799 0.075775 0.140530 0.227861 0.335388 0.460609 0.600943 0.753783 0.916542 1.086693 1.261809 1.439595 1.617914 1.794814 1.968540 2.137549 2.300513 2.456325 2.604090 2.743122 2.872933 2.993219 3.103844 3.204824 3.296307 3.378559 3.451939 3.516884 3.573892 3.623503 3.666287 3.702827 3.733710 3.759512 3.780794 3.798095 3.811920 3.822742 3.831000 3.837090 3.841371 3.844166 3.845756 3.846390 3.846279
4.009095 3.636198 3.265240 2.900065 2.544421 2.201898 1.875867 1.569430 1.285372 1.026118 0.793703 0.589746 0.415437 0.271528 0.158336 0.075756 0.023275 0.000000 0.004692 0.035799 0.091501 0.169753 0.268331 0.384881 0.516962 0.662099 0.817816 0.981686 1.151360 1.324605 1.499327 1.673594 1.845657 2.013958 2.177139 2.334049 2.483735 2.625444 2.758611 2.882851 2.997941 3.103809 3.200517 3.288242 3.367263 3.437937 3.500691 3.556000 3.604375 3.646348 3.682462 3.713261 3.739277 3.761027 3.779004 3.793673 3.805468 3.814790 3.822006 3.827445 3.831405 3.834146 3.835900
4.006013 3.639280 3.274393 2.915014 2.564716 2.226924 1.904862 1.601503 1.319524 1.061269 0.828717 0.623461 0.446690 0.299183 0.181313 0.093049 0.033981 0.003333 0.000000 0.022576 0.069393 0.138565 0.228025 0.335571 0.458913 0.595709 0.743611 0.900299 1.063519 1.231111 1.401040 1.571411 1.740495 1.906737 2.068766 2.225399 2.375642 2.518689 2.653911 2.780851 2.899211 3.008839 3.109714 3.201935 3.285699 3.361290 3.429061 3.489421 3.542822 3.589743 3.630680 3.666135 3.696611 3.722596 3.744564 3.762968 3.778234 3.790758 3.800908 3.809021 3.815399 3.820315 3.824012
4.001875 3.643418 3.286711 2.935222 2.592340 2.261315 1.945214 1.646870 1.368842 1.113381 0.882402 0.677457 0.499726 0.350004 0.228708 0.135877 0.071188 0.033981 0.023275 0.037806 0.076057 0.136297 0.216618 0.314976 0.429231 0.557184 0.696621 0.845342 1.001197 1.162114 1.326129 1.491401 1.656235 1.819095 1.978611 2.133587 2.283002 2.426008 2.561929 2.690246 2.810598 2.922761 3.026643 3.122266 3.209754 3.289319 3.361244 3.425875 3.483600 3.534844 3.580055 3.619693 3.654222 3.684100 3.709779 3.731691 3.750248 3.765840 3.778830 3.789554 3.798317 3.805400 3.811053
3.996668 3.648625 3.302228 2.960749 2.627381 2.305193 1.997082 1.705733 1.433580 1.182770 0.955140 0.752194 0.575091 0.424633 0.301269 0.205096 0.135877 0.093049 0.075756 0.082868 0.113013 0.164615 0.235923 0.325050 0.430010 0.548755 0.679208 0.819299 0.966990 1.120312 1.277381 1.436425 1.595800 1.754000 1.909675 2.061628 2.208827 2.350400 2.485630 2.613957 2.734962 2.848364 2.954006 3.051844 3.141933 3.224419 3.299519 3.367514 3.428736 3.483553 3.532363 3.575580 3.613631 3.646939 3.675927 3.701005 3.722566 3.740988 3.756624 3.769805 3.780837 3.789999 3.797547
3.990393 3.654900 3.320950 2.991604 2.669856 2.358584 2.060510 1.778163 1.513838 1.269572 1.047115 0.847913 0.673092 0.523451 0.399461 0.301269 0.228708 0.181313 0.158336 0.158779 0.181409 0.224800 0.287356 0.367347 0.462943 0.572249 0.693330 0.824252 0.963100 1.108015 1.257207 1.408985 1.561765 1.714092 1.864645 2.012246 2.155862 2.294610 2.427754 2.554697 2.674982 2.788277 2.894371 2.993163 3.084649 3.168911 3.246107 3.316459 3.380241 3.437768 3.489387 3.535467 3.576393 3.612553 3.644338 3.672130 3.696304 3.717216 3.735210 3.750604 3.763700 3.774775 3.784083
3.983058 3.662235 3.342846 3.027741 2.719705 2.421420 2.135425 1.864084 1.609549 1.373737 1.158303 0.964622 0.793780 0.646562 0.523451 0.424633 0.350004 0.299183 0.271528 0.266158 0.281978 0.317705 0.371895 0.442973 0.529265 0.629028 0.740478 0.861817 0.991263 1.127072 1.267563 1.411132 1.556273 1.701590 1.845806 1.987775 2.126481 2.261043 2.390715 2.514883 2.633058 2.744873 2.850075 2.948513 3.040130 3.124957 3.203095 3.274712 3.340029 3.399308 3.452849 3.500976 3.544029 3.582363 3.616331 3.646290 3.672586 3.695558 3.715530 3.732808 3.747684 3.760427 3.771288
3.974684 3.670608 3.367857 3.069060 2.776791 2.493529 2.221628 1.963277 1.720480 1.495025 1.288461 1.102089 0.936941 0.793780 0.673092 0.575091 0.499726 0.446690 0.415437 0.405199 0.415009 0.443721 0.490038 0.552539 0.629703 0.719941 0.821618 0.933081 1.052683 1.178806 1.309879 1.444402 1.580953 1.718210 1.854953 1.990080 2.122604 2.251662 2.376512 2.496533 2.611221 2.720183 2.823133 2.919882 3.010333 3.094468 3.172342 3.244073 3.309832 3.369835 3.424335 3.473610 3.517963 3.557706 3.593161 3.624651 3.652498 3.677014 3.698505 3.717260 3.733557 3.747654 3.759796
3.965304 3.679989 3.395886 3.115403 2.840897 2.574643 2.318797 2.075376 1.846224 1.632993 1.437126 1.259833 1.102089 0.964622 0.847913 0.752194 0.677457 0.623461 0.589746 0.575648 0.580319 0.602746 0.641774 0.696129 0.764444 0.845280 0.937154 1.038558 1.147986 1.263950 1.385001 1.509745 1.636858 1.765100 1.893323 2.020477 2.145621 2.267919 2.386648 2.501194 2.611047 2.715802 2.815152 2.908881 2.996857 3.079026 3.155402 3.226059 3.291127 3.350777 3.405218 3.454687 3.499446 3.539771 3.575948 3.608268 3.637024 3.662503 3.684987 3.704746 3.722041 3.737117 3.750207
3.954960 3.690333 3.426805 3.166559 2.911732 2.664387 2.426486 2.199862 1.986199 1.787007 1.603610 1.437126 1.288461 1.158303 1.047115 0.955140 0.882402 0.828717 0.793703 0.776791 0.777243 0.794173 0.826561 0.873277 0.933103 1.004750 1.086885 1.178149 1.277176 1.382615 1.493142 1.607480 1.724410 1.842783 1.961532 2.079674 2.196322 2.310682 2.422062 2.529863 2.633586 2.732824 2.827260 2.916660 3.000869 3.079805 3.153447 3.221837 3.285063 3.343259 3.396594 3.445268 3.489503 3.529539 3.565628 3.598029 3.627003 3.652812 3.675711 3.695951 3.713771 3.729402 3.743059
3.943705 3.701588 3.460455 3.222262 2.988924 2.762292 2.544126 2.336076 2.139658 1.956235 1.787007 1.632993 1.495025 1.373737 1.269572 1.182770 1.113381 1.061269 1.026118 1.007448 1.004624 1.016878 1.043319 1.082956 1.134715 1.197456 1.269996 1.351121 1.439612 1.534254 1.633855 1.737261 1.843363 1.951115 2.059537 2.167725 2.274855 2.380189 2.483072 2.582939 2.679308 2.771783 2.860046 2.943857 3.023048 3.097514 3.167213 3.232155 3.292399 3.348044 3.399225 3.446105 3.488872 3.527730 3.562898 3.594603 3.623077 3.648551 3.671257 3.691419 3.709258 3.724983 3.738795
