GUI/example/data/mag_plane_8.grd
DSAA
128	128
-63.500000	63.500000
-63.500000	63.500000
-97.342449	511.908889
[rows 50 to 74 of 128, columns 0 to 56 of 128]
-6.478123 -6.434019 -6.362395 -6.258987 -6.118927 -5.936659 -5.705833 -5.419196 -5.068458 -4.644141 -4.135408 -3.529861 -2.813317 -1.969551 -0.979995 0.176591 1.524501 3.091508 4.909338 7.014200 9.447359 12.255754 15.492652 19.218309 23.500607 28.415633 34.048094 40.491501 47.847947 56.227308 65.745601 76.522212 88.675608 102.317190 117.542917 134.422538 152.986546 173.211518 195.005247 218.193951 242.514638 267.615954 293.070213 318.397414 343.099225 366.698010 388.774120 408.994854 427.130705 443.057805 456.748579 468.254516 477.685355 485.188320 490.929779 495.080484 497.804625
-6.725525 -6.693578 -6.634622 -6.544389 -6.417997 -6.249863 -6.033606 -5.761920 -5.426452 -5.017635 -4.524520 -3.934569 -3.233421 -2.404632 -1.429366 -0.286053 1.049998 2.607039 4.417370 6.517884 8.950655 11.763577 15.011033 18.754574 23.063583 28.015857 33.698045 40.205826 47.643682 56.124075 65.765752 76.690888 89.020685 102.869047 118.333991 135.486605 154.357698 174.922814 197.087071 220.672157 245.408625 270.936892 296.819644 322.566468 347.668625 371.638908 394.049689 414.562435 432.944221 449.070156 462.913767 474.529336 484.030584 491.569402 497.317073 501.449165 504.134329
-6.978385 -6.959379 -6.913981 -6.837926 -6.726335 -6.573620 -6.373382 -6.118293 -5.799955 -5.408749 -4.933646 -4.362008 -3.679344 -2.869042 -1.912060 -0.786571 0.532431 2.073580 3.869639 5.958053 8.381553 11.188810 14.435116 18.183079 22.503299 27.474962 33.186281 39.734676 47.226532 55.776347 65.504995 76.536790 88.994983 102.995298 118.637164 135.992467 155.091964 175.910068 198.349482 222.228070 247.271137 273.112569 299.307562 325.357731 350.746465 374.979407 397.623048 418.334631 436.878864 453.130310 467.063582 478.735342 488.262611 495.801111 501.526152 505.617243 508.246690
-7.236167 -7.230855 -7.199865 -7.138954 -7.043258 -6.907201 -6.724389 -6.487489 -6.188093 -5.816551 -5.361795 -4.811122 -4.149959 -3.361579 -2.426792 -1.323587 -0.026721 1.492729 3.267880 5.336603 7.742143 10.533779 13.767517 17.506798 21.823180 26.796941 32.517520 39.083691 46.603312 55.192442 64.973560 76.072571 88.614213 102.715478 118.476713 135.970210 155.226452 176.218740 198.847689 222.928038 248.180943 274.235260 300.640522 326.892413 352.468562 376.869457 399.657426 420.486820 439.120845 455.433935 469.401790 481.083131 490.597725 498.104441 503.781871 507.812736 510.372314
-7.498296 -7.507390 -7.491617 -7.446769 -7.368013 -7.249801 -7.085765 -6.868590 -6.589879 -6.239987 -5.807835 -5.280699 -4.643963 -3.880840 -2.972050 -1.895461 -0.625676 0.866429 2.614222 4.655885 7.035037 9.801409 13.011543 16.729507 21.027582 25.986871 31.697737 38.259975 45.782543 54.382655 64.183967 75.313524 87.897106 102.052555 117.880778 135.454216 154.802980 175.899360 198.642258 222.843952 248.222436 274.402816 300.930491 327.296898 352.975609 377.463564 400.320311 421.198376 439.860170 456.180346 470.135705 481.786786 491.255667 498.703814 504.312501 508.267056 510.745170
-7.764158 -7.788324 -7.788531 -7.760613 -7.699786 -7.600547 -7.456571 -7.260585 -7.004229 -6.677888 -6.270508 -5.769381 -5.159891 -4.425237 -3.546109 -2.500320 -1.262390 0.196922 1.911136 3.918633 6.263283 8.995124 12.171067 15.855622 20.121586 25.050648 30.733838 37.271680 44.773920 53.358592 63.150180 74.276521 86.864093 101.031288 116.879328 134.480665 153.865028 175.003873 197.794767 222.048149 247.479711 273.711893 300.287219 326.694230 352.403809 376.910616 399.772513 420.641043 439.278391 455.559706 469.462923 481.050214 490.445636 497.812818 503.335241 507.200359 509.587815
-8.033103 -8.072960 -8.089853 -8.079677 -8.037706 -7.958500 -7.835796 -7.662384 -7.429965 -7.128983 -6.748441 -6.275679 -5.696128 -4.993019 -4.147066 -3.136085 -1.934586 -0.513293 1.161378 3.127903 5.430285 8.118737 11.250394 14.890038 19.110795 23.994740 29.633340 36.127607 43.587815 52.132551 61.886847 72.979065 85.536135 99.676790 115.502426 133.085447 152.455266 173.582717 196.364411 220.609510 246.032150 272.253008 298.812753 325.198122 350.878382 375.346913 398.160742 418.971093 437.540371 453.744452 467.562435 479.057995 488.356912 495.624648 501.046513 504.811705 507.101453
-8.304447 -8.360561 -8.394791 -8.403104 -8.380849 -8.322663 -8.222363 -8.072823 -7.865827 -7.591908 -7.240154 -6.797991 -6.250933 -5.582292 -4.772853 -3.800500 -2.639795 -1.261503 0.367938 2.287005 4.539724 7.176363 10.254145 13.837979 18.001154 22.825953 28.404088 34.836857 42.234848 50.716983 60.408635 71.438487 83.933753 98.013373 113.778845 131.302538 150.613662 171.682656 194.405543 218.590712 243.951380 270.107215 296.597864 322.909124 348.509501 372.891876 395.613108 416.324624 434.789398 450.884221 464.589393 475.969995 485.153343 492.306471 497.616227 501.273251 503.460065
-8.577481 -8.650359 -8.702515 -8.729998 -8.728245 -8.691985 -8.615135 -8.490670 -8.310482 -8.065217 -7.744078 -7.334612 -6.822452 -6.191035 -5.421269 -4.491158 -3.375382 -2.044817 -0.466002 1.399448 3.595487 6.172325 9.187152 12.704869 16.798786 21.551235 27.054013 33.408531 40.725516 49.124056 58.729701 69.671313 82.076271 96.063652 111.735039 129.162819 148.376140 169.345286 191.966034 216.046455 241.299392 267.344132 293.719986 319.912509 345.390124 369.645835 392.236863 412.815244 431.144812 447.103426 460.672619 471.918817 480.970726 487.996754 493.185062 496.727488 498.807612
-8.851468 -8.941559 -9.012164 -9.059427 -9.078884 -9.065374 -9.012926 -8.914639 -8.762534 -8.547393 -8.258565 -7.883747 -7.408733 -6.817123 -6.089996 -5.205530 -4.138582 -2.860206 -1.337119 0.468890 2.601606 5.111083 8.054365 11.496224 15.509859 20.177518 25.590936 31.851494 39.069917 47.365315 56.863294 67.692789 79.981273 93.847923 109.394431 126.693285 145.773724 166.606116 189.086317 213.022479 238.127553 264.020979 290.242297 316.277403 341.595190 365.689289 388.117710 408.533441 426.701406 442.500664 455.914025 467.009214 475.916218 482.804668 487.863853 491.286614 493.257398
-9.125653 -9.233342 -9.322851 -9.390428 -9.431723 -9.441695 -9.414505 -9.343392 -9.220528 -9.036856 -8.781897 -8.443530 -8.007743 -7.458342 -6.776620 -5.940982 -4.926519 -3.704529 -2.241978 -0.500908 1.562211 3.997177 6.860784 10.217564 14.140487 18.711592 24.022426 30.174210 37.277542 45.451445 54.821476 65.516570 77.664243 91.383771 106.776991 123.916592 142.832071 163.494109 185.798944 209.555176 234.476288 260.182340 286.213596 312.056780 337.181731 361.083133 383.320151 403.547013 421.529937 437.149309 450.389253 461.318768 470.069043 476.810808 481.734326 485.033281 486.892823
-9.399264 -9.524869 -9.633665 -9.722013 -9.785687 -9.819783 -9.818606 -9.775553 -9.682968 -9.531977 -9.312300 -9.012029 -8.617380 -8.112402 -7.478648 -6.694798 -5.736235 -4.574561 -3.177061 -1.506108 0.481488 2.835179 5.611408 8.874359 12.696664 17.160031 22.355705 28.384627 35.357160 43.392134 52.614974 63.154549 75.138391 88.685877 103.899043 120.850887 139.571323 160.031574 182.128542 205.671621 230.375213 255.860425 281.668686 307.287992 332.189549 355.869479 377.888434 397.902141 415.678311 431.098770 444.149009 454.899289 463.481933 470.068669 474.850608 478.022129 479.768934
-9.671514 -9.815289 -9.943680 -10.053175 -10.139682 -10.198445 -10.223930 -10.209709 -10.148315 -10.031082 -9.847952 -9.587260 -9.235483 -8.776951 -8.193521 -7.464195 -6.564702 -5.467009 -4.138789 -2.542821 -0.636339 1.629670 4.311206 7.471996 11.184222 15.529152 20.597608 26.490141 33.316765 41.196023 50.253124 60.616815 72.414612 85.766002 100.773277 117.509844 136.006197 156.234320 178.092052 201.389909 225.843586 251.075640 276.629087 301.993617 326.642207 350.072787 371.847813 391.624777 409.173069 424.376085 437.220737 447.778549 456.182928 462.606505 467.241118 470.281708 471.914384
-9.941612 -10.103737 -10.251957 -10.382891 -10.492595 -10.576470 -10.629159 -10.644422 -10.615004 -10.532464 -10.386994 -10.167198 -9.859847 -9.449590 -8.918626 -8.246332 -7.408833 -6.378524 -5.123533 -3.607121 -1.787028 0.385230 2.965105 6.015767 9.608832 13.825012 18.754586 24.497597 31.163598 38.870739 47.743927 57.911719 69.501583 82.633117 97.408913 113.902887 132.146269 152.112011 173.699166 196.719693 220.890951 245.837354 271.103925 296.182482 320.548180 343.701139 365.205952 384.722146 402.021002 416.987618 429.610403 439.962146 448.177295 454.429294 458.910588 461.816540 463.333518
-10.208759 -10.389347 -10.557551 -10.710133 -10.843303 -10.952634 -11.032955 -11.078236 -11.081445 -11.034390 -10.927535 -10.749783 -10.488228 -10.127874 -9.651307 -9.038322 -8.265495 -7.305712 -6.127622 -4.695044 -2.966312 -0.893563 1.578004 4.510888 7.976026 12.053445 16.832755 22.413360 28.904228 36.422998 45.094173 55.046041 66.405965 79.293645 93.812004 110.035553 127.996401 147.668679 168.952924 191.662871 215.517927 240.144787 265.090936 289.850771 313.902075 336.747568 357.954348 377.184282 394.210770 408.920774 421.304278 431.435356 439.449446 445.520715 449.842086 452.609188 454.008490
-10.472158 -10.671248 -10.859513 -11.033863 -11.190676 -11.325703 -11.433975 -11.509681 -11.546034 -11.535109 -11.467665 -11.332929 -11.118352 -10.809329 -10.388870 -9.837236 -9.131512 -8.245131 -7.147338 -5.802588 -4.169893 -2.202115 0.154790 2.962534 6.291242 10.220122 14.837973 20.243416 26.544686 33.858776 42.309656 52.025238 63.132707 75.751824 89.985856 105.909974 123.557302 142.903356 163.850432 186.214392 209.717102 233.988002 258.577537 282.983193 306.685885 329.191405 350.069771 368.985541 385.714506 400.145671 412.270696 422.164955 429.964829 435.845099 439.999016 442.622304 443.901340
-10.731014 -10.948573 -11.156897 -11.353051 -11.533585 -11.694443 -11.830868 -11.937282 -12.007158 -12.032858 -12.005458 -11.914534 -11.747925 -11.491449 -11.128586 -10.640109 -10.003664 -9.193297 -8.178917 -6.925699 -5.393428 -3.535791 -1.299618 1.375885 4.559893 8.330643 12.775962 17.993520 24.090649 31.183528 39.395436 48.853772 59.685430 72.010160 85.931552 101.525485 118.826214 137.810841 158.383709 180.363183 203.474042 227.348989 251.541997 275.554231 298.870319 320.999677 341.515736 360.086156 376.489435 390.616839 402.461817 412.101061 419.671830 425.349390 429.327144 431.800700 432.956125
-10.984544 -11.220466 -11.448765 -11.666669 -11.870907 -12.057626 -12.222288 -12.359565 -12.463204 -12.525871 -12.538979 -12.492483 -12.374633 -12.171710 -11.867701 -11.443941 -10.878691 -10.146674 -9.218537 -8.060260 -6.632500 -4.889877 -2.780224 -0.243802 2.787457 6.390651 10.652449 15.669376 21.547663 28.402467 36.356182 45.535508 56.066896 68.069970 81.648584 96.879337 113.797713 132.382594 152.540674 174.093223 196.768445 220.202899 243.954742 267.529512 290.416241 312.128623 332.244091 350.433895 366.479619 380.275041 391.815525 401.179098 408.503813 413.965257 417.756764 420.073575 421.101179
-11.231973 -11.486080 -11.734190 -11.973702 -12.201531 -12.414031 -12.606899 -12.775065 -12.912563 -13.012382 -13.066296 -13.064654 -12.996154 -12.847570 -12.603438 -12.245699 -11.753290 -11.101671 -10.262308 -9.202072 -7.882594 -6.259548 -4.281901 -1.891125 0.979571 4.405953 8.473327 13.276846 18.921398 25.520878 33.196547 42.074175 52.279558 63.932027 77.135593 91.967544 108.464661 126.607793 146.306296 167.384794 189.575486 212.519475 235.779874 258.867412 281.276351 302.525451 322.196850 339.965979 355.617950 369.049348 380.257596 389.322056 396.381459 401.611504 405.205184 407.357062 408.251724
-11.472545 -11.744584 -12.012264 -12.273153 -12.524361 -12.762457 -12.983380 -13.182329 -13.353639 -13.490640 -13.585478 -13.628930 -13.610163 -13.516477 -13.332999 -13.042322 -12.624112 -12.054640 -11.306262 -10.346834 -9.139069 -7.639820 -5.799333 -3.560457 -0.857866 2.382662 6.244832 10.822165 16.217932 22.544468 29.921604 38.473884 48.326178 59.597292 72.391220 86.785857 102.819314 120.474572 139.663971 160.215977 181.867433 204.264784 226.977002 249.520986 271.397221 292.130476 311.308440 328.611429 343.828611 356.859715 367.704373 376.443265 383.215640 388.197040 391.579775 393.557343 394.313041
-11.705521 -11.995172 -12.282098 -12.564046 -12.838324 -13.101723 -13.350431 -13.579926 -13.784857 -13.958905 -14.094614 -14.183202 -14.214336 -14.175875 -14.053570 -13.830719 -13.487770 -13.001868 -12.346342 -11.490129 -10.397132 -9.025517 -7.326962 -5.245869 -2.718585 0.327334 3.973726 8.312188 13.444049 19.479741 26.537305 34.739698 44.210516 55.067728 67.415070 81.330891 96.854610 113.971478 132.597148 152.564454 173.615616 195.403337 217.503525 239.440405 260.721871 280.879838 299.508563 316.294078 331.030228 343.620270 354.066200 362.449965 368.911110 373.624677 376.781860 378.574633 379.184520
-11.930191 -12.237058 -12.542830 -12.845432 -13.142375 -13.430677 -13.706781 -13.966453 -14.204667 -14.415468 -14.591812 -14.725380 -14.806363 -14.823210 -14.762334 -14.607779 -14.340832 -13.939579 -13.378402 -12.627412 -11.651818 -10.411235 -8.858932 -6.941057 -4.595850 -1.752899 1.667474 5.754614 10.607540 16.334383 23.050970 30.878236 39.938071 50.347211 62.208797 75.601400 90.565658 107.089188 125.091272 144.409679 164.792827 185.900737 207.317497 228.576039 249.193077 268.709028 286.725928 302.936512 317.140020 329.243662 339.251949 347.247996 353.371346 357.796098 360.711807 362.308347 362.764910
-12.145869 -12.469491 -12.793630 -13.116396 -13.435504 -13.748202 -14.051195 -14.340543 -14.611554 -14.858649 -15.075210 -15.253400 -15.383956 -15.455942 -15.456472 -15.370377 -15.179836 -14.863940 -14.398201 -13.754002 -12.897974 -11.791315 -10.389057 -8.639289 -6.482374 -3.850210 -0.665591 3.158209 7.717495 13.117642 19.471776 26.898294 35.516863 45.442489 56.777280 69.599699 83.951424 99.822479 117.136068 135.735488 155.376264 175.726934 196.381221 216.882378 236.757610 255.557446 272.893120 288.465232 302.079231 313.646754 323.174951 330.747943 336.504877 340.618356 343.275645 344.663839 344.959134
-12.351902 -12.691749 -13.033704 -13.376059 -13.716737 -14.053221 -14.382478 -14.700872 -15.004047 -15.286813 -15.542989 -15.765236 -15.944856 -16.071556 -16.133179 -16.115386 -16.001296 -15.771066 -15.401415 -14.865090 -14.130256 -13.159838 -11.910793 -10.333353 -8.370251 -5.955976 -3.016131 0.533003 4.784568 9.840686 15.811227 22.811460 30.958220 40.364182 51.129870 63.333196 77.016600 92.172464 108.728172 126.533157 145.351031 164.860203 184.665690 204.322942 223.371608 241.374207 257.952840 272.817294 285.780159 296.757988 305.760669 312.873074 318.233449 322.012209 324.393554 325.561002 325.686981
-12.547673 -12.903151 -13.262296 -13.623586 -13.985149 -14.344704 -14.699488 -15.046165 -15.380728 -15.698377 -15.993381 -16.258911 -16.486851 -16.667574 -16.789678 -16.839692 -16.801718 -16.657038 -16.383648 -15.955745 -15.343142 -14.510621 -13.417232 -12.015552 -10.250923 -8.060720 -5.373703 -2.109568 1.821191 6.516901 12.083570 18.632678 26.277528 35.127761 45.281653 56.815993 69.773588 84.149032 99.874080 116.804897 134.714228 153.291840 172.155918 190.876249 209.007171 226.125360 241.865692 255.948646 268.194967 278.526638 286.956318 293.569278 298.502212 301.922525 304.010433 304.944956 304.893879
