GUI/example/data/mag_plane_8.grd
DSAA
128	128
-63.500000	63.500000
-63.500000	63.500000
-97.342449	511.908889
[rows 75 to 99 of 128, columns 57 to 113 of 128]
281.548045 279.875621 277.647832 274.943488 271.819399 268.311371 264.435349 260.188546 255.550493 250.484016 244.936196 238.839449 232.112907 224.664352 216.393028 207.193705 196.962404 185.604165 173.043111 159.234748 144.179955 127.939359 110.645907 92.512690 73.832724 54.968063 36.327403 18.334125 1.389602 -14.161656 -28.058598 -40.137824 -50.334450 -58.671809 -65.243923 -70.195039 -73.699757 -75.945984 -77.121745 -77.405938 -76.962558 -75.937677 -74.458463 -72.633544 -70.554243 -68.296250 -65.921493 -63.480011 -61.011731 -58.548082 -56.113435 -53.726345 -51.400619 -49.146215 -46.969998 -44.876366 -42.867765
257.586135 255.835154 253.576825 250.886175 247.817193 244.403830 240.661121 236.586286 232.159737 227.346007 222.094653 216.341260 210.008720 203.009039 195.245960 186.618782 177.027762 166.381486 154.606435 141.658743 127.537609 112.299121 96.068431 79.047380 61.514428 43.814297 26.336497 9.484601 -6.359078 -20.867007 -33.791972 -44.980589 -54.373944 -61.997481 -67.943983 -72.353792 -75.395690 -77.250563 -78.098831 -78.111688 -77.445673 -76.239897 -74.615189 -72.674531 -70.504295 -68.175892 -65.747589 -63.266327 -60.769427 -58.286146 -55.839054 -53.445218 -51.117223 -48.864029 -46.691692 -44.603950 -42.602719
232.227232 230.399180 228.113397 225.440705 222.431985 219.119165 215.516314 211.620702 207.413765 202.861982 197.917721 192.520175 186.596545 180.063711 172.830674 164.802117 155.883460 145.987781 135.044834 123.012158 109.887787 95.723414 80.636003 64.815140 48.523060 32.084875 15.868183 0.253815 -14.397805 -27.778576 -39.656959 -49.890697 -58.427223 -65.293832 -70.581310 -74.425024 -76.986702 -78.438952 -78.953390 -78.692422 -77.804206 -76.420113 -74.654002 -72.602710 -70.347269 -67.954516 -65.478842 -62.963928 -60.444384 -57.947217 -55.493146 -53.097724 -50.772303 -48.524845 -46.360597 -44.282651 -42.292409
205.658173 203.755985 201.446786 198.796815 195.853586 192.646862 189.189704 185.479482 181.498789 177.216274 172.587432 167.555474 162.052421 156.000650 149.315150 141.906822 133.687172 124.574738 114.503499 103.433246 91.361474 78.335725 64.464512 49.924259 34.959381 19.873137 5.008476 -9.279474 -22.655046 -34.832026 -45.596355 -54.817938 -62.450830 -68.523798 -73.124772 -76.382987 -78.451839 -79.494378 -79.672229 -79.137973 -78.030502 -76.472727 -74.570968 -72.415472 -70.081600 -67.631370 -65.115120 -62.573153 -60.037280 -57.532215 -55.076797 -52.685057 -50.367114 -48.129939 -45.977987 -43.913723 -41.938050
178.155803 176.184095 173.856612 171.234682 168.362252 165.266809 161.960377 158.440477 154.690986 150.682920 146.375175 141.715337 136.640699 131.079685 124.953933 118.181324 110.680302 102.375792 93.206929 83.136614 72.162475 60.328246 47.733850 34.541805 20.977278 7.319600 -6.115504 -19.001411 -31.029930 -41.939031 -51.533787 -59.697147 -66.389925 -71.641878 -75.537161 -78.197709 -79.767330 -80.398302 -80.241162 -79.437718 -78.116821 -76.392303 -74.362468 -72.110617 -69.706180 -67.206172 -64.656756 -62.094777 -59.549209 -57.042447 -54.591451 -52.208734 -49.903200 -47.680851 -45.545374 -43.498629 -41.541049
150.088235 148.053473 145.714005 143.126022 140.329755 137.350346 134.198781 130.872780 127.357610 123.626813 119.642905 115.358133 110.715419 105.649681 100.089740 93.961091 87.189848 79.708115 71.461017 62.415359 52.569558 41.963932 30.689803 18.895237 6.784999 -5.387253 -17.335218 -28.763208 -39.392839 -48.988218 -57.374894 -64.449511 -70.179627 -74.595434 -77.776400 -79.836063 -80.907518 -81.131206 -80.645647 -79.581100 -78.055757 -76.173898 -74.025461 -71.686552 -69.220501 -66.679216 -64.104622 -61.530081 -58.981722 -56.479634 -54.038920 -51.670603 -49.382405 -47.179389 -45.064507 -43.039048 -41.103002
121.905409 119.815962 117.471991 114.924414 112.209681 109.350566 106.357033 103.227054 99.947364 96.494144 92.833678 88.923062 84.711094 80.139485 75.144613 69.660041 63.620080 56.964619 49.645414 41.633820 32.929602 23.570051 13.637981 3.266692 -7.360231 -18.016057 -28.445529 -38.385681 -47.589648 -55.849069 -63.010868 -68.985722 -73.747755 -77.327023 -79.797488 -81.263371 -81.846150 -81.673619 -80.871596 -79.558255 -77.840718 -75.813424 -73.557751 -71.142489 -68.624808 -66.051484 -63.460213 -60.880900 -58.336865 -55.845936 -53.421406 -51.072858 -48.806873 -46.627625 -44.537371 -42.536864 -40.625688
94.117145 91.983228 89.643334 87.143097 84.515196 81.780068 78.946692 76.013339 72.968263 69.790342 66.449692 62.908347 59.121077 55.036527 50.598807 45.749776 40.432221 34.594155 28.194355 21.209131 13.639999 5.521537 -3.071785 -12.021484 -21.165493 -30.304624 -39.215495 -47.668797 -55.450050 -62.379072 -68.324487 -73.210984 -77.018929 -79.777702 -81.555122 -82.445450 -82.557962 -82.007326 -80.906294 -79.360697 -77.466436 -75.308025 -72.958263 -70.478646 -67.920235 -65.324742 -62.725711 -60.149666 -57.617204 -55.143966 -52.741506 -50.418032 -48.179049 -46.027893 -43.966175 -41.994158 -40.111061
67.259359 65.092840 62.766542 60.320918 57.784969 55.176878 52.504697 49.767033 46.953680 44.046209 41.018553 37.837643 34.464188 30.853716 26.958032 22.727263 18.112676 13.070441 7.566435 1.582051 -4.879279 -11.785484 -19.070223 -26.629636 -34.323013 -41.978587 -49.404778 -56.405844 -62.799559 -68.433698 -73.198267 -77.031557 -79.919724 -81.891032 -83.006769 -83.350937 -83.020419 -82.116659 -80.739339 -78.982011 -76.929462 -74.656430 -72.227293 -69.696422 -67.108929 -64.501621 -61.904032 -59.339444 -56.825844 -54.376795 -52.002207 -49.708997 -47.501666 -45.382774 -43.353345 -41.413202 -39.561236
41.852297 39.666387 37.363894 34.980311 32.541134 30.062410 27.551346 25.006916 22.420434 19.776106 17.051576 14.218527 11.243414 8.088426 4.712808 1.074677 -2.866507 -7.146694 -11.793151 -16.819577 -22.220700 -27.966893 -33.999703 -40.229447 -46.536107 -52.774474 -58.783724 -64.400537 -69.473771 -73.878041 -77.523756 -80.362037 -82.384282 -83.617329 -84.115837 -83.953634 -83.215420 -81.989730 -80.363528 -78.418467 -76.228602 -73.859252 -71.366709 -68.798523 -66.194128 -63.585662 -60.998859 -58.453935 -55.966424 -53.547947 -51.206879 -48.948947 -46.777729 -44.695085 -42.701510 -40.796436 -38.978478
18.357360 16.166197 13.898105 11.583929 9.245899 6.898090 4.546952 2.191843 -0.174447 -2.565197 -4.999236 -7.500381 -10.096752 -12.819886 -15.703555 -18.782157 -22.088589 -25.651482 -29.491782 -33.618739 -38.025541 -42.685065 -47.546482 -52.533605 -57.545984 -62.463396 -67.153849 -71.484324 -75.332628 -78.598294 -81.210575 -83.132324 -84.359576 -84.917573 -84.854537 -84.234563 -83.130772 -81.619458 -79.775565 -77.669513 -75.365239 -72.919197 -70.380084 -67.789047 -65.180205 -62.581336 -60.014634 -57.497467 -55.043105 -52.661374 -50.359250 -48.141375 -46.010499 -43.967854 -42.013474 -40.146456 -38.365181
-2.859759 -5.041593 -7.264656 -9.502357 -11.735446 -13.951631 -16.145123 -18.316170 -20.470589 -22.619306 -24.777876 -26.965956 -29.206673 -31.525815 -33.950782 -36.509187 -39.227039 -42.126441 -45.222786 -48.521542 -52.014827 -55.678172 -59.468057 -63.320916 -67.154340 -70.870953 -74.364961 -77.530737 -80.272157 -82.511112 -84.193691 -85.293152 -85.809522 -85.766412 -85.206032 -84.183482 -82.761218 -81.004272 -78.976526 -76.738064 -74.343511 -71.841167 -69.272738 -66.673488 -64.072655 -61.494018 -58.956531 -56.474966 -54.060529 -51.721426 -49.463374 -47.290046 -45.203457 -43.204296 -41.292200 -39.465988 -37.723852
-21.553189 -23.711181 -25.878913 -28.033606 -30.158672 -32.243397 -34.282556 -36.276008 -38.228281 -40.148151 -42.048202 -43.944339 -45.855208 -47.801471 -49.804882 -51.887094 -54.068128 -56.364496 -58.786952 -61.337977 -64.009177 -66.778906 -69.610582 -72.452205 -75.237602 -77.889704 -80.325802 -82.464249 -84.231636 -85.569254 -86.437751 -86.819320 -86.717332 -86.153820 -85.165572 -83.799638 -82.108930 -80.148400 -77.972012 -75.630568 -73.170322 -70.632230 -68.051698 -65.458688 -62.878038 -60.329927 -57.830397 -55.391891 -53.023771 -50.732802 -48.523587 -46.398951 -44.360275 -42.407783 -40.540781 -38.757865 -37.057087
-37.604982 -39.725185 -41.827957 -43.893864 -45.908645 -47.862958 -49.752051 -51.575410 -53.336397 -55.041867 -56.701773 -58.328713 -59.937414 -61.544089 -63.165637 -64.818637 -66.518092 -68.275922 -70.099204 -71.988263 -73.934750 -75.919983 -77.913864 -79.874778 -81.750809 -83.482456 -85.006764 -86.262445 -87.195266 -87.762820 -87.937942 -87.710257 -87.085837 -86.085246 -84.740522 -83.091702 -81.183385 -79.061721 -76.771991 -74.356852 -71.855186 -69.301473 -66.725556 -64.152704 -61.603863 -59.096027 -56.642665 -54.254165 -51.938272 -49.700491 -47.544459 -45.472272 -43.484775 -41.581805 -39.762406 -38.025003 -36.367551
-51.017847 -53.087332 -55.116488 -57.088763 -58.991899 -60.817721 -62.561865 -64.223475 -65.804884 -67.311270 -68.750305 -70.131746 -71.466978 -72.768455 -74.049020 -75.321074 -76.595563 -77.880797 -79.181111 -80.495449 -81.816007 -83.127115 -84.404628 -85.616062 -86.721725 -87.676924 -88.435150 -88.951911 -89.188679 -89.116338 -88.717600 -87.988073 -86.935918 -85.580351 -83.949341 -82.076951 -80.000699 -77.759218 -75.390348 -72.929738 -70.409913 -67.859747 -65.304256 -62.764634 -60.258439 -57.799897 -55.400240 -53.068079 -50.809758 -48.629704 -46.530730 -44.514323 -42.580882 -40.729939 -38.960333 -37.270370 -35.657948
-61.896278 -63.903497 -65.851597 -67.726465 -69.517536 -71.217618 -72.822665 -74.331516 -75.745612 -77.068707 -78.306540 -79.466487 -80.557153 -81.587901 -82.568287 -83.507379 -84.412968 -85.290657 -86.142873 -86.967850 -87.758708 -88.502749 -89.181170 -89.769344 -90.237822 -90.554094 -90.684995 -90.599517 -90.271645 -89.682776 -88.823390 -87.693733 -86.303498 -84.670664 -82.819758 -80.779847 -78.582524 -76.260116 -73.844203 -71.364516 -68.848187 -66.319321 -63.798819 -61.304387 -58.850690 -56.449580 -54.110381 -51.840184 -49.644152 -47.525798 -45.487253 -43.529500 -41.652586 -39.855805 -38.137851 -36.496957 -34.931002
-70.421304 -72.356359 -74.217340 -75.992175 -77.671712 -79.249575 -80.721978 -82.087496 -83.346829 -84.502539 -85.558772 -86.520951 -87.395432 -88.189107 -88.908939 -89.561434 -90.152021 -90.684381 -91.159729 -91.576123 -91.927853 -92.205048 -92.393592 -92.475474 -92.429642 -92.233379 -91.864090 -91.301326 -90.528771 -89.535912 -88.319140 -86.882163 -85.235702 -83.396592 -81.386469 -79.230262 -76.954676 -74.586825 -72.153099 -69.678301 -67.185061 -64.693488 -62.221021 -59.782433 -57.389946 -55.053415 -52.780555 -50.577186 -48.447481 -46.394203 -44.418924 -42.522227 -40.703889 -38.963028 -37.298248 -35.707749 -34.189427
-76.823881 -78.678678 -80.447947 -82.121298 -83.690747 -85.150595 -86.497269 -87.729133 -88.846277 -89.850299 -90.744060 -91.531426 -92.216977 -92.805681 -93.302528 -93.712113 -94.038178 -94.283123 -94.447505 -94.529580 -94.524936 -94.426294 -94.223555 -93.904160 -93.453797 -92.857452 -92.100710 -91.171193 -90.059917 -88.762409 -87.279415 -85.617107 -83.786800 -81.804251 -79.688667 -77.461571 -75.145666 -72.763803 -70.338114 -67.889350 -65.436426 -62.996144 -60.583069 -58.209538 -55.885739 -53.619868 -51.418306 -49.285824 -47.225784 -45.240340 -43.330621 -41.496903 -39.738761 -38.055201 -36.444779 -34.905701 -33.435906
-81.360665 -83.128977 -84.803420 -86.374984 -87.836646 -89.183265 -90.411453 -91.519407 -92.506742 -93.374290 -94.123907 -94.758245 -95.280521 -95.694251 -96.002967 -96.209899 -96.317642 -96.327814 -96.240716 -96.055050 -95.767711 -95.373723 -94.866349 -94.237428 -93.477945 -92.578815 -91.531822 -90.330604 -88.971576 -87.454646 -85.783639 -83.966377 -82.014411 -79.942469 -77.767699 -75.508825 -73.185284 -70.816457 -68.421012 -66.016398 -63.618490 -61.241379 -58.897274 -56.596505 -54.347593 -52.157367 -50.031119 -47.972766 -45.985019 -44.069548 -42.227141 -40.457846 -38.761100 -37.135846 -35.580633 -34.093704 -32.673067
-84.294295 -85.971727 -87.549659 -89.020212 -90.377151 -91.615801 -92.732935 -93.726639 -94.596160 -95.341751 -95.964494 -96.466129 -96.848853 -97.115123 -97.267428 -97.308068 -97.238908 -97.061148 -96.775111 -96.380071 -95.874165 -95.254393 -94.516767 -93.656600 -92.668952 -91.549208 -90.293736 -88.900558 -87.369947 -85.704877 -83.911251 -81.997894 -79.976307 -77.860226 -75.665039 -73.407150 -71.103334 -68.770156 -66.423472 -64.078051 -61.747301 -59.443105 -57.175754 -54.953943 -52.784832 -50.674146 -48.626293 -46.644507 -44.730982 -42.887016 -41.113141 -39.409246 -37.774685 -36.208379 -34.708905 -33.274565 -31.903460
-85.878883 -87.462765 -88.943829 -90.315120 -91.571055 -92.707351 -93.720935 -94.609822 -95.372998 -96.010284 -96.522195 -96.909799 -97.174560 -97.318182 -97.342449 -97.249052 -97.039435 -96.714636 -96.275165 -95.720914 -95.051130 -94.264468 -93.359130 -92.333112 -91.184542 -89.912097 -88.515456 -86.995741 -85.355895 -83.600943 -81.738095 -79.776685 -77.727945 -75.604647 -73.420659 -71.190449 -68.928609 -66.649411 -64.366434 -62.092275 -59.838341 -57.614732 -55.430178 -53.292055 -51.206423 -49.178114 -47.210835 -45.307276 -43.469233 -41.697721 -39.993091 -38.355126 -36.783145 -35.276083 -33.832567 -32.450985 -31.129541
-86.350416 -87.839648 -89.224673 -90.499299 -91.658485 -92.698289 -93.615780 -94.408951 -95.076610 -95.618274 -96.034056 -96.324549 -96.490707 -96.533726 -96.454928 -96.255642 -95.937101 -95.500347 -94.946162 -94.275034 -93.487169 -92.582557 -91.561105 -90.422831 -89.168119 -87.798007 -86.314495 -84.720825 -83.021706 -81.223451 -79.334001 -77.362828 -75.320737 -73.219571 -71.071858 -68.890441 -66.688106 -64.477250 -62.269599 -60.075987 -57.906204 -55.768902 -53.671556 -51.620471 -49.620826 -47.676742 -45.791365 -43.966966 -42.205033 -40.506377 -38.871224 -37.299302 -35.789928 -34.342077 -32.954452 -31.625537 -30.353652
-85.921289 -87.316149 -88.606989 -89.788251 -90.855359 -91.804664 -92.633384 -93.339520 -93.921776 -94.379470 -94.712442 -94.920966 -95.005656 -94.967383 -94.807188 -94.526208 -94.125604 -93.606515 -92.970023 -92.217153 -91.348901 -90.366308 -89.270567 -88.063181 -86.746141 -85.322128 -83.794708 -82.168505 -80.449324 -78.644202 -76.761389 -74.810232 -72.801000 -70.744639 -68.652495 -66.536021 -64.406497 -62.274775 -60.151065 -58.044765 -55.964351 -53.917302 -51.910075 -49.948117 -48.035899 -46.176974 -44.374049 -42.629069 -40.943294 -39.317390 -37.751507 -36.245354 -34.798272 -33.409300 -32.077227 -30.800649 -29.578010
-84.777977 -86.079909 -87.279269 -88.371035 -89.351028 -90.215866 -90.962913 -91.590214 -92.096426 -92.480748 -92.742849 -92.882801 -92.901009 -92.798147 -92.575104 -92.232933 -91.772812 -91.196019 -90.503926 -89.698009 -88.779895 -87.751417 -86.614713 -85.372336 -84.027382 -82.583624 -81.045630 -79.418860 -77.709724 -75.925581 -74.074687 -72.166086 -70.209441 -68.214840 -66.192571 -64.152891 -62.105811 -60.060896 -58.027104 -56.012657 -54.024956 -52.070525 -50.154999 -48.283129 -46.458817 -44.685167 -42.964541 -41.298635 -39.688543 -38.134832 -36.637612 -35.196602 -33.811189 -32.480486 -31.203386 -29.978597 -28.804694
-83.080913 -84.292323 -85.403586 -86.410145 -87.308168 -88.094518 -88.766710 -89.322854 -89.761607 -90.082112 -90.283944 -90.367059 -90.331743 -90.178568 -89.908354 -89.522140 -89.021162 -88.406849 -87.680823 -86.844929 -85.901266 -84.852248 -83.700672 -82.449802 -81.103453 -79.666077 -78.142827 -76.539605 -74.863074 -73.120631 -71.320336 -69.470803 -67.581061 -65.660381 -63.718099 -61.763432 -59.805306 -57.852207 -55.912048 -53.992080 -52.098817 -50.238003 -48.414598 -46.632791 -44.896027 -43.207049 -41.567954 -39.980245 -38.444896 -36.962415 -35.532898 -34.156093 -32.831447 -31.558162 -30.335232 -29.161489 -28.035634
