GUI/example/data/mag_plane_8.grd
DSAA
128	128
-63.500000	63.500000
-63.500000	63.500000
-97.342449	511.908889
[rows 0 to 24 of 128, columns 57 to 113 of 128]
-0.508901 -0.650540 -0.802094 -0.963220 -1.133524 -1.312561 -1.499840 -1.694822 -1.896928 -2.105538 -2.319997 -2.539616 -2.763677 -2.991437 -3.222131 -3.454976 -3.689176 -3.923928 -4.158423 -4.391854 -4.623420 -4.852330 -5.077810 -5.299107 -5.515492 -5.726270 -5.930779 -6.128396 -6.318544 -6.500690 -6.674354 -6.839105 -6.994568 -7.140426 -7.276414 -7.402327 -7.518015 -7.623383 -7.718389 -7.803043 -7.877406 -7.941582 -7.995722 -8.040012 -8.074678 -8.099977 -8.116195 -8.123642 -8.122651 -8.113571 -8.096766 -8.072610 -8.041484 -8.003776 -7.959872 -7.910160 -7.855026
-0.164873 -0.313247 -0.472648 -0.642710 -0.823009 -1.013066 -1.212347 -1.420268 -1.636200 -1.859468 -2.089357 -2.325113 -2.565953 -2.811061 -3.059597 -3.310703 -3.563504 -3.817112 -4.070639 -4.323191 -4.573884 -4.821844 -5.066213 -5.306156 -5.540866 -5.769571 -5.991536 -6.206071 -6.412534 -6.610335 -6.798942 -6.977877 -7.146729 -7.305144 -7.452834 -7.589574 -7.715203 -7.829620 -7.932785 -8.024715 -8.105483 -8.175210 -8.234070 -8.282276 -8.320084 -8.347784 -8.365696 -8.374170 -8.373577 -8.364305 -8.346758 -8.321352 -8.288508 -8.248652 -8.202211 -8.149611 -8.091272
0.227053 0.071668 -0.095989 -0.275526 -0.466487 -0.668352 -0.880546 -1.102435 -1.333333 -1.572505 -1.819170 -2.072506 -2.331654 -2.595720 -2.863783 -3.134898 -3.408102 -3.682419 -3.956865 -4.230455 -4.502209 -4.771160 -5.036355 -5.296869 -5.551805 -5.800305 -6.041552 -6.274780 -6.499273 -6.714377 -6.919499 -7.114113 -7.297759 -7.470050 -7.630669 -7.779369 -7.915976 -8.040384 -8.152555 -8.252514 -8.340348 -8.416202 -8.480272 -8.532804 -8.574087 -8.604449 -8.624252 -8.633887 -8.633768 -8.624329 -8.606021 -8.579303 -8.544642 -8.502507 -8.453370 -8.397696 -8.335947
0.672886 0.510215 0.333880 0.144301 -0.058032 -0.272558 -0.498653 -0.735628 -0.982738 -1.239181 -1.504105 -1.776610 -2.055756 -2.340563 -2.630019 -2.923084 -3.218699 -3.515785 -3.813255 -4.110021 -4.404998 -4.697109 -4.985300 -5.268541 -5.545835 -5.816226 -6.078804 -6.332714 -6.577162 -6.811418 -7.034821 -7.246788 -7.446809 -7.634454 -7.809376 -7.971304 -8.120049 -8.255501 -8.377623 -8.486452 -8.582093 -8.664712 -8.734539 -8.791852 -8.836981 -8.870297 -8.892208 -8.903153 -8.903596 -8.894023 -8.874932 -8.846836 -8.810252 -8.765698 -8.713692 -8.654748 -8.589370
1.179415 1.009192 0.823746 0.623526 0.409061 0.180956 -0.060111 -0.313393 -0.578079 -0.853293 -1.138107 -1.431535 -1.732548 -2.040070 -2.352990 -2.670164 -2.990421 -3.312574 -3.635420 -3.957752 -4.278367 -4.596071 -4.909690 -5.218076 -5.520120 -5.814754 -6.100964 -6.377796 -6.644361 -6.899847 -7.143516 -7.374718 -7.592887 -7.797547 -7.988313 -8.164890 -8.327075 -8.474749 -8.607880 -8.726519 -8.830790 -8.920889 -8.997079 -9.059681 -9.109069 -9.145664 -9.169925 -9.182346 -9.183449 -9.173776 -9.153884 -9.124340 -9.085719 -9.038594 -8.983536 -8.921109 -8.851868
1.754314 1.576284 1.381283 1.169794 0.942387 0.699714 0.442512 0.171592 -0.112161 -0.407796 -0.714295 -1.030583 -1.355530 -1.687957 -2.026641 -2.370324 -2.717714 -3.067498 -3.418345 -3.768918 -4.117879 -4.463902 -4.805677 -5.141926 -5.471409 -5.792934 -6.105365 -6.407637 -6.698755 -6.977809 -7.243978 -7.496533 -7.734845 -7.958385 -8.166729 -8.359551 -8.536632 -8.697849 -8.843174 -8.972673 -9.086495 -9.184870 -9.268101 -9.336556 -9.390661 -9.430894 -9.457774 -9.471858 -9.473730 -9.463998 -9.443284 -9.412219 -9.371440 -9.321581 -9.263273 -9.197135 -9.123777
2.406265 2.220189 2.015184 1.791767 1.550553 1.292248 1.017649 0.727640 0.423184 0.105318 -0.224847 -0.566134 -0.917304 -1.277065 -1.644072 -2.016936 -2.394235 -2.774515 -3.156302 -3.538112 -3.918457 -4.295859 -4.668858 -5.036027 -5.395976 -5.747373 -6.088945 -6.419495 -6.737911 -7.043172 -7.334356 -7.610651 -7.871354 -8.115875 -8.343744 -8.554606 -8.748221 -8.924461 -9.083306 -9.224840 -9.349242 -9.456782 -9.547808 -9.622744 -9.682076 -9.726346 -9.756143 -9.772095 -9.774860 -9.765116 -9.743559 -9.710894 -9.667825 -9.615057 -9.553285 -9.483192 -9.405446
3.145093 2.950756 2.735294 2.499260 2.243318 1.968233 1.674870 1.364189 1.037238 0.695149 0.339136 -0.029514 -0.409446 -0.799237 -1.197411 -1.602438 -2.012745 -2.426725 -2.842743 -3.259150 -3.674290 -4.086514 -4.494191 -4.895722 -5.289552 -5.674184 -6.048189 -6.410225 -6.759038 -7.093483 -7.412525 -7.715253 -8.000880 -8.268750 -8.518340 -8.749259 -8.961247 -9.154172 -9.328024 -9.482910 -9.619042 -9.736737 -9.836400 -9.918515 -9.983639 -10.032390 -10.065436 -10.083484 -10.087275 -10.077572 -10.055153 -10.020801 -9.975302 -9.919435 -9.853969 -9.779657 -9.697232
3.981926 3.779144 3.552770 3.303402 3.031752 2.738653 2.425041 2.091960 1.740552 1.372051 0.987781 0.589151 0.177647 -0.245172 -0.677681 -1.118194 -1.564974 -2.016241 -2.470181 -2.924959 -3.378730 -3.829651 -4.275897 -4.715676 -5.147241 -5.568908 -5.979071 -6.376215 -6.758931 -7.125928 -7.476041 -7.808245 -8.121659 -8.415550 -8.689334 -8.942583 -9.175015 -9.386493 -9.577020 -9.746730 -9.895879 -10.024836 -10.134071 -10.224142 -10.295688 -10.349412 -10.386071 -10.406468 -10.411436 -10.401832 -10.378527 -10.342397 -10.294314 -10.235144 -10.165736 -10.086920 -9.999501
4.929369 4.717998 4.480267 4.216816 3.928420 3.615977 3.280506 2.923140 2.545123 2.147801 1.732618 1.301115 0.854918 0.395739 -0.074635 -0.554346 -1.041473 -1.534046 -2.030051 -2.527443 -3.024163 -3.518151 -4.007360 -4.489776 -4.963434 -5.426437 -5.876972 -6.313329 -6.733918 -7.137279 -7.522100 -7.887225 -8.231663 -8.554592 -8.855365 -9.133507 -9.388712 -9.620843 -9.829917 -10.016103 -10.179707 -10.321162 -10.441013 -10.539904 -10.618569 -10.677809 -10.718486 -10.741509 -10.747818 -10.738378 -10.714164 -10.676155 -10.625323 -10.562627 -10.489008 -10.405380 -10.312630
6.001709 5.781656 5.532133 5.253829 4.947582 4.614366 4.255289 3.871583 3.464599 3.035805 2.586777 2.119197 1.634846 1.135601 0.623427 0.100373 -0.431441 -0.969828 -1.512551 -2.057332 -2.601871 -3.143857 -3.680993 -4.211013 -4.731699 -5.240911 -5.736597 -6.216823 -6.679787 -7.123837 -7.547489 -7.949438 -8.328565 -8.683949 -9.014867 -9.320794 -9.601400 -9.856545 -10.086270 -10.290783 -10.470452 -10.625783 -10.757412 -10.866084 -10.952639 -11.017997 -11.063137 -11.089091 -11.096922 -11.087716 -11.062566 -11.022568 -10.968804 -10.902342 -10.824220 -10.735449 -10.637005
7.215145 6.986381 6.724650 6.430697 6.105431 5.749909 5.365332 4.953042 4.514507 4.051325 3.565215 3.058011 2.531663 1.988229 1.429867 0.858834 0.277475 -0.311787 -0.906463 -1.504014 -2.101864 -2.697423 -3.288106 -3.871355 -4.444668 -5.005618 -5.551881 -6.081263 -6.591717 -7.081369 -7.548534 -7.991734 -8.409707 -8.801414 -9.166048 -9.503027 -9.811996 -10.092816 -10.345554 -10.570471 -10.768004 -10.938751 -11.083452 -11.202969 -11.298271 -11.370409 -11.420503 -11.449722 -11.459271 -11.450373 -11.424257 -11.382148 -11.325255 -11.254762 -11.171822 -11.077549 -10.973017
8.588045 8.350617 8.076291 7.765876 7.420356 7.040879 6.628752 6.185430 5.712512 5.211735 4.684969 4.134217 3.561607 2.969393 2.359945 1.735751 1.099400 0.453579 -0.198944 -0.855331 -1.512700 -2.168139 -2.818734 -3.461597 -4.093892 -4.712865 -5.315877 -5.900429 -6.464192 -7.005032 -7.521034 -8.010517 -8.472052 -8.904469 -9.306862 -9.678588 -10.019263 -10.328754 -10.607161 -10.854809 -11.072220 -11.260100 -11.419312 -11.550858 -11.655851 -11.735501 -11.791085 -11.823934 -11.835413 -11.826901 -11.799782 -11.755428 -11.695187 -11.620377 -11.532274 -11.432111 -11.321068
10.141236 9.895288 9.608020 9.280313 8.913236 8.508038 8.066139 7.589120 7.078717 6.536816 5.965452 5.366805 4.743198 4.097094 3.431097 2.747941 2.050489 1.341719 0.624713 -0.097360 -0.821267 -1.543730 -2.261461 -2.971188 -3.669694 -4.353845 -5.020632 -5.667204 -6.290904 -6.889296 -7.460193 -8.001684 -8.512143 -8.990248 -9.434983 -9.845635 -10.221792 -10.563329 -10.870393 -11.143382 -11.382923 -11.589851 -11.765174 -11.910056 -12.025785 -12.113748 -12.175410 -12.212285 -12.225921 -12.217878 -12.189712 -12.142961 -12.079131 -11.999689 -11.906050 -11.799575 -11.681563
11.898337 11.644123 11.343618 10.997780 10.607776 10.174966 9.700892 9.187271 8.635986 8.049083 7.428772 6.777420 6.097559 5.391880 4.663232 3.914625 3.149219 2.370314 1.581342 0.785846 -0.012542 -0.810132 -1.603203 -2.388043 -3.160989 -3.918469 -4.657044 -5.373453 -6.064652 -6.727851 -7.360552 -7.960568 -8.526051 -9.055501 -9.547776 -10.002087 -10.417991 -10.795380 -11.134456 -11.435712 -11.699902 -11.928009 -12.121219 -12.280886 -12.408499 -12.505657 -12.574036 -12.615364 -12.631400 -12.623907 -12.594639 -12.545321 -12.477636 -12.393217 -12.293634 -12.180390 -12.054914
13.886116 13.624028 13.310054 12.945245 12.530877 12.068432 11.559586 11.006202 10.410319 9.774154 9.100099 8.390724 7.648777 6.877192 6.079088 5.257767 4.416714 3.559590 2.690214 1.812550 0.930678 0.048765 -0.828973 -1.698316 -2.555087 -3.395198 -4.214711 -5.009882 -5.777217 -6.513511 -7.215897 -7.881871 -8.509323 -9.096551 -9.642266 -10.145595 -10.606067 -11.023597 -11.398459 -11.731262 -12.022911 -12.274573 -12.487639 -12.663689 -12.804448 -12.911762 -12.987552 -13.033793 -13.052484 -13.045622 -13.015183 -12.963104 -12.891268 -12.801492 -12.695519 -12.575009 -12.441536
16.134904 15.865490 15.537897 15.153284 14.713048 14.218807 13.672385 13.075801 12.431259 11.741156 11.008075 10.234795 9.424296 8.579766 7.704609 6.802447 5.877118 4.932676 3.973375 3.003650 2.028091 1.051409 0.078386 -0.886165 -1.837469 -2.770840 -3.681751 -4.565893 -5.419239 -6.238102 -7.019178 -7.759593 -8.456931 -9.109255 -9.715111 -10.273532 -10.784020 -11.246524 -11.661413 -12.029435 -12.351681 -12.629535 -12.864637 -13.058829 -13.214119 -13.332635 -13.416585 -13.468230 -13.489842 -13.483685 -13.451988 -13.396928 -13.320610 -13.225059 -13.112208 -12.983892 -12.841844
18.679030 18.403025 18.061761 17.656524 17.188852 16.660515 16.073495 15.429977 14.732345 13.983178 13.185257 12.341579 11.455362 10.530063 9.569384 8.577289 7.558000 6.516003 5.456032 4.383052 3.302233 2.218903 1.138504 0.066530 -0.991544 -2.030330 -3.044609 -4.029409 -4.980076 -5.892348 -6.762412 -7.586957 -8.363211 -9.088962 -9.762572 -10.382968 -10.949628 -11.462554 -11.922230 -12.329580 -12.685918 -12.992893 -13.252437 -13.466707 -13.638037 -13.768889 -13.861806 -13.919372 -13.944177 -13.938790 -13.905727 -13.847432 -13.766262 -13.664474 -13.544211 -13.407502 -13.256253
21.557311 21.275661 20.920794 20.494141 19.997403 19.432520 18.801649 18.107154 17.351600 16.537756 15.668609 14.747372 13.777508 12.762749 11.707112 10.614920 9.490811 8.339739 7.166972 5.978071 4.778857 3.575371 2.373812 1.180467 0.001631 -1.156486 -2.287850 -3.386702 -4.447648 -5.465746 -6.436583 -7.356333 -8.221807 -9.030476 -9.780488 -10.470658 -11.100448 -11.669928 -12.179732 -12.631001 -13.025321 -13.364659 -13.651296 -13.887762 -14.076776 -14.221189 -14.323930 -14.387960 -14.416235 -14.411667 -14.377097 -14.315275 -14.228839 -14.120302 -13.992042 -13.846301 -13.685175
24.813562 24.527461 24.159193 23.710370 23.182880 22.578854 21.900639 21.150788 20.332056 19.447405 18.500023 17.493343 16.431070 15.317215 14.156118 12.952478 11.711375 10.438275 9.139031 7.819870 6.487357 5.148343 3.809904 2.479253 1.163641 -0.129751 -1.393926 -2.622193 -3.808280 -4.946440 -6.031546 -7.059167 -8.025622 -8.928018 -9.764259 -10.533039 -11.233811 -11.866744 -12.432661 -12.932971 -13.369593 -13.744875 -14.061516 -14.322489 -14.530966 -14.690253 -14.803727 -14.874786 -14.906800 -14.903077 -14.866827 -14.801140 -14.708970 -14.593117 -14.456218 -14.300749 -14.129015
28.497141 28.208056 27.826753 27.355057 26.795076 26.149156 25.419853 24.609921 23.722307 22.760165 21.726879 20.626092 19.461747 18.238126 16.959896 15.632146 14.260419 12.850733 11.409586 9.943946 8.461217 6.969184 5.475934 3.989758 2.519034 1.072089 -0.342941 -1.718256 -3.046539 -4.321086 -5.535924 -6.685903 -7.766770 -8.775204 -9.708834 -10.566225 -11.346838 -12.050975 -12.679699 -13.234752 -13.718458 -14.133628 -14.483460 -14.771452 -15.001309 -15.176869 -15.302030 -15.380692 -15.416704 -15.413820 -15.375669 -15.305726 -15.207296 -15.083497 -14.937255 -14.771300 -14.588165
32.663496 32.373206 31.979413 31.484205 30.889947 30.199229 29.414838 28.539736 27.577065 26.530166 25.402602 24.198214 22.921161 21.575988 20.167679 18.701716 17.184125 15.621512 14.021080 12.390622 10.738489 9.073535 7.405018 5.742490 4.095653 2.474191 0.887596 -0.655013 -2.145072 -3.574736 -4.937023 -6.225934 -7.436540 -8.565027 -9.608711 -10.566024 -11.436458 -12.220492 -12.919495 -13.535623 -14.071695 -14.531079 -14.917574 -15.235299 -15.488587 -15.681899 -15.819737 -15.906580 -15.946823 -15.944730 -15.904404 -15.829750 -15.724465 -15.592021 -15.435661 -15.258396 -15.063006
37.374698 37.085322 36.679790 36.160509 35.530145 34.791574 33.947830 33.002097 31.957709 30.818174 29.587221 28.268855 26.867427 25.387714 23.834999 22.215150 20.534687 18.800834 17.021558 15.205566 13.362279 11.501771 9.634659 7.771972 5.924970 4.104947 2.323012 0.589858 -1.084456 -2.690722 -4.220756 -5.667552 -7.025384 -8.289864 -9.457961 -10.527969 -11.499443 -12.373101 -13.150703 -13.834914 -14.429162 -14.937489 -15.364411 -15.714784 -15.993683 -16.206295 -16.357823 -16.453413 -16.498084 -16.496681 -16.453837 -16.373943 -16.261132 -16.119267 -15.951939 -15.762465 -15.553896
42.699923 42.413952 41.997655 41.453827 40.785499 39.995867 39.088243 38.066039 36.932771 35.692098 34.347876 32.904234 31.365671 29.737153 28.024226 26.233119 24.370843 22.445269 20.465178 18.440287 16.381219 14.299444 12.207155 10.117106 8.042402 5.996250 3.991688 2.041298 0.156927 -1.650579 -3.371603 -4.997940 -6.522925 -7.941508 -9.250267 -10.447366 -11.532467 -12.506606 -13.372036 -14.132060 -14.790846 -15.353254 -15.824657 -16.210789 -16.517594 -16.751109 -16.917348 -17.022223 -17.071466 -17.070580 -17.024796 -16.939047 -16.817951 -16.665803 -16.486573 -16.283915 -16.061170
48.715833 48.436153 48.010303 47.441556 46.733376 45.889331 44.913038 43.808142 42.578331 41.227379 39.759222 38.178058 36.488464 34.695532 32.805014 30.823458 28.758344 26.618199 24.412672 22.152580 19.849897 17.517684 15.169959 12.821500 10.487594 8.183725 5.925241 3.726992 1.602973 -0.434005 -2.372606 -4.203197 -5.918013 -7.511235 -8.979008 -10.319380 -11.532183 -12.618874 -13.582333 -14.426652 -15.156909 -15.778948 -16.299171 -16.724350 -17.061454 -17.317507 -17.499463 -17.614111 -17.667999 -17.667370 -17.618128 -17.525810 -17.395571 -17.232181 -17.040026 -16.823123 -16.585129
