GUI/example/data/mag_plane_8.grd
DSAA
128	128
-63.500000	63.500000
-63.500000	63.500000
-97.342449	511.908889
[rows 100 to 124 of 128, columns 0 to 56 of 128]
-13.198094 -13.648109 -14.116380 -14.603677 -15.110792 -15.638544 -16.187773 -16.759345 -17.354145 -17.973076 -18.617063 -19.287041 -19.983959 -20.708775 -21.462448 -22.245941 -23.060209 -23.906196 -24.784831 -25.697019 -26.643634 -27.625512 -28.643446 -29.698173 -30.790371 -31.920648 -33.089533 -34.297468 -35.544801 -36.831768 -38.158491 -39.524951 -40.930982 -42.376237 -43.860165 -45.381970 -46.940573 -48.534549 -50.162079 -51.820872 -53.508111 -55.220378 -56.953607 -58.703046 -60.463237 -62.228029 -63.990627 -65.743658 -67.479279 -69.189302 -70.865340 -72.498953 -74.081801 -75.605783 -77.063161 -78.446669 -79.749586
-13.067794 -13.510401 -13.970834 -14.449839 -14.948186 -15.466670 -16.006109 -16.567342 -17.151230 -17.758654 -18.390513 -19.047719 -19.731199 -20.441888 -21.180727 -21.948658 -22.746620 -23.575543 -24.436341 -25.329907 -26.257108 -27.218771 -28.215679 -29.248564 -30.318089 -31.424848 -32.569346 -33.751991 -34.973080 -36.232783 -37.531123 -38.867961 -40.242969 -41.655604 -43.105073 -44.590301 -46.109889 -47.662066 -49.244639 -50.854950 -52.489825 -54.145536 -55.817769 -57.501616 -59.191571 -60.881567 -62.565023 -64.234917 -65.883883 -67.504321 -69.088517 -70.628768 -72.117503 -73.547397 -74.911470 -76.203170 -77.416438
-12.929939 -13.364684 -13.816789 -14.286974 -14.775982 -15.284580 -15.813556 -16.363720 -16.935902 -17.530952 -18.149735 -18.793132 -19.462036 -20.157348 -20.879976 -21.630828 -22.410808 -23.220813 -24.061723 -24.934397 -25.839666 -26.778320 -27.751108 -28.758716 -29.801767 -30.880802 -31.996270 -33.148512 -34.337743 -35.564039 -36.827311 -38.127286 -39.463479 -40.835169 -42.241362 -43.680760 -45.151724 -46.652237 -48.179864 -49.731717 -51.304428 -52.894121 -54.496400 -56.106356 -57.718581 -59.327204 -60.925945 -62.508189 -64.067067 -65.595556 -67.086578 -68.533105 -69.928260 -71.265406 -72.538232 -73.740814 -74.867671
-12.785106 -13.211587 -13.654932 -14.115832 -14.595001 -15.093172 -15.611102 -16.149565 -16.709355 -17.291284 -17.896181 -18.524884 -19.178245 -19.857124 -20.562383 -21.294885 -22.055489 -22.845041 -23.664374 -24.514294 -25.395579 -26.308964 -27.255138 -28.234726 -29.248284 -30.296280 -31.379085 -32.496953 -33.650004 -34.838207 -36.061356 -37.319046 -38.610653 -39.935299 -41.291828 -42.678774 -44.094330 -45.536316 -47.002154 -48.488839 -49.992923 -51.510501 -53.037216 -54.568265 -56.098427 -57.622102 -59.133366 -60.626034 -62.093738 -63.530009 -64.928367 -66.282405 -67.585871 -68.832748 -70.017316 -71.134209 -72.178460
-12.633868 -13.051733 -13.485943 -13.937157 -14.406054 -14.893335 -15.399719 -15.925942 -16.472760 -17.040941 -17.631270 -18.244541 -18.881558 -19.543131 -20.230070 -20.943186 -21.683279 -22.451141 -23.247541 -24.073224 -24.928900 -25.815239 -26.732854 -27.682297 -28.664042 -29.678475 -30.725874 -31.806399 -32.920069 -34.066745 -35.246106 -36.457630 -37.700568 -38.973917 -40.276397 -41.606420 -42.962072 -44.341080 -45.740796 -47.158183 -48.589799 -50.031797 -51.479935 -52.929590 -54.375786 -55.813239 -57.236403 -58.639532 -60.016747 -61.362111 -62.669697 -63.933668 -65.148341 -66.308256 -67.408223 -68.443376 -69.409206
-12.476792 -12.885742 -13.310495 -13.751680 -14.209941 -14.685941 -15.180360 -15.693896 -16.227260 -16.781176 -17.356381 -17.953620 -18.573646 -19.217212 -19.885075 -20.577983 -21.296676 -22.041881 -22.814300 -23.614607 -24.443439 -25.301389 -26.188992 -27.106715 -28.054947 -29.033982 -30.044007 -31.085084 -32.157132 -33.259909 -34.392991 -35.555752 -36.747341 -37.966657 -39.212329 -40.482694 -41.775775 -43.089262 -44.420500 -45.766475 -47.123816 -48.488792 -49.857328 -51.225026 -52.587190 -53.938871 -55.274911 -56.589996 -57.878719 -59.135639 -60.355347 -61.532528 -62.662016 -63.738853 -64.758328 -65.716025 -66.607845
-12.314438 -12.714218 -13.129247 -13.560118 -14.007441 -14.471840 -14.953955 -15.454441 -15.973965 -16.513204 -17.072845 -17.653582 -18.256112 -18.881133 -19.529339 -20.201418 -20.898045 -21.619875 -22.367542 -23.141645 -23.942745 -24.771353 -25.627923 -26.512835 -27.426392 -28.368797 -29.340145 -30.340404 -31.369401 -32.426799 -33.512086 -34.624547 -35.763251 -36.927025 -38.114441 -39.323793 -40.553082 -41.800003 -43.061936 -44.335940 -45.618751 -46.906796 -48.196201 -49.482814 -50.762240 -52.029869 -53.280927 -54.510517 -55.713679 -56.885439 -58.020864 -59.115115 -60.163500 -61.161515 -62.104884 -62.989594 -63.811921
-12.147353 -12.537755 -12.942841 -13.363169 -13.799313 -14.251857 -14.721401 -15.208555 -15.713942 -16.238191 -16.781937 -17.345821 -17.930485 -18.536568 -19.164703 -19.815513 -20.489607 -21.187571 -21.909964 -22.657313 -23.430099 -24.228755 -25.053650 -25.905082 -26.783267 -27.688322 -28.620255 -29.578948 -30.564142 -31.575422 -32.612197 -33.673683 -34.758890 -35.866597 -36.995344 -38.143413 -39.308813 -40.489277 -41.682252 -42.884898 -44.094092 -45.306438 -46.518282 -47.725734 -48.924697 -50.110902 -51.279942 -52.427322 -53.548498 -54.638930 -55.694123 -56.709678 -57.681329 -58.604986 -59.476768 -60.293029 -61.050384
-11.976069 -12.356929 -12.751902 -13.161511 -13.586290 -14.026788 -14.483562 -14.957179 -15.448214 -15.957249 -16.484869 -17.031661 -17.598211 -18.185098 -18.792895 -19.422161 -20.073438 -20.747243 -21.444064 -22.164352 -22.908514 -23.676903 -24.469811 -25.287454 -26.129966 -26.997386 -27.889640 -28.806534 -29.747736 -30.712761 -31.700956 -32.711487 -33.743319 -34.795209 -35.865684 -36.953037 -38.055312 -39.170302 -40.295544 -41.428321 -42.565664 -43.704371 -44.841015 -45.971970 -47.093435 -48.201465 -49.292011 -50.360948 -51.404127 -52.417403 -53.396688 -54.337981 -55.237407 -56.091253 -56.895995 -57.648320 -58.345153
-11.801103 -12.172299 -12.557033 -12.955793 -13.369079 -13.797398 -14.241267 -14.701209 -15.177755 -15.671438 -16.182793 -16.712354 -17.260651 -17.828206 -18.415533 -19.023126 -19.651463 -20.300994 -20.972137 -21.665272 -22.380733 -23.118799 -23.879686 -24.663537 -25.470411 -26.300272 -27.152977 -28.028264 -28.925738 -29.844858 -30.784925 -31.745066 -32.724225 -33.721146 -34.734367 -35.762208 -36.802768 -37.853915 -38.913293 -39.978318 -41.046189 -42.113900 -43.178252 -44.235877 -45.283262 -46.316774 -47.332694 -48.327251 -49.296653 -50.237127 -51.144953 -52.016493 -52.848232 -53.636796 -54.378986 -55.071795 -55.712428
-11.622956 -11.984402 -12.358814 -12.746644 -13.148354 -13.564415 -13.995303 -14.441499 -14.903488 -15.381757 -15.876791 -16.389072 -16.919078 -17.467275 -18.034116 -18.620038 -19.225454 -19.850751 -20.496279 -21.162353 -21.849238 -22.557142 -23.286214 -24.036527 -24.808073 -25.600752 -26.414357 -27.248571 -28.102947 -28.976900 -29.869697 -30.780443 -31.708068 -32.651326 -33.608776 -34.578782 -35.559507 -36.548910 -37.544748 -38.544580 -39.545774 -40.545520 -41.540844 -42.528628 -43.505630 -44.468512 -45.413868 -46.338249 -47.238198 -48.110279 -48.951110 -49.757387 -50.525916 -51.253637 -51.937646 -52.575213 -53.163800
-11.442107 -11.793756 -12.157800 -12.534659 -12.924759 -13.328533 -13.746418 -14.178854 -14.626282 -15.089143 -15.567875 -16.062912 -16.574677 -17.103585 -17.650032 -18.214397 -18.797035 -19.398271 -20.018395 -20.657657 -21.316259 -21.994347 -22.692006 -23.409247 -24.146004 -24.902118 -25.677333 -26.471281 -27.283476 -28.113301 -28.959999 -29.822664 -30.700231 -31.591467 -32.494969 -33.409153 -34.332257 -35.262337 -36.197269 -37.134756 -38.072335 -39.007389 -39.937160 -40.858767 -41.769226 -42.665476 -43.544397 -44.402842 -45.237659 -46.045723 -46.823958 -47.569365 -48.279044 -48.950219 -49.580253 -50.166670 -50.707166
-11.259015 -11.600852 -11.954520 -12.320407 -12.698904 -13.090407 -13.495317 -13.914031 -14.346951 -14.794474 -15.256992 -15.734890 -16.228544 -16.738316 -17.264552 -17.807574 -18.367683 -18.945147 -19.540199 -20.153031 -20.783787 -21.432556 -22.099366 -22.784175 -23.486864 -24.207225 -24.944960 -25.699662 -26.470815 -27.257779 -28.059785 -28.875926 -29.705147 -30.546245 -31.397859 -32.258466 -33.126385 -33.999771 -34.876623 -35.754788 -36.631966 -37.505726 -38.373517 -39.232682 -40.080481 -40.914104 -41.730703 -42.527403 -43.301335 -44.049657 -44.769571 -45.458357 -46.113381 -46.732125 -47.312197 -47.851352 -48.347499
-11.074118 -11.406159 -11.749476 -12.104425 -12.471364 -12.850655 -13.242660 -13.647741 -14.066258 -14.498567 -14.945016 -15.405946 -15.881686 -16.372551 -16.878835 -17.400814 -17.938734 -18.492812 -19.063228 -19.650122 -20.253586 -20.873657 -21.510314 -22.163467 -22.832953 -23.518526 -24.219848 -24.936486 -25.667901 -26.413440 -27.172329 -27.943669 -28.726427 -29.519433 -30.321374 -31.130795 -31.946098 -32.765541 -33.587243 -34.409190 -35.229244 -36.045149 -36.854550 -37.655000 -38.443984 -39.218929 -39.977232 -40.716273 -41.433439 -42.126144 -42.791848 -43.428080 -44.032451 -44.602676 -45.136588 -45.632147 -46.087461
-10.887834 -11.210123 -11.543143 -11.887221 -12.242682 -12.609855 -12.989067 -13.380645 -13.784908 -14.202175 -14.632754 -15.076942 -15.535025 -16.007274 -16.493936 -16.995241 -17.511388 -18.042546 -18.588849 -19.150387 -19.727206 -20.319300 -20.926603 -21.548986 -22.186246 -22.838106 -23.504201 -24.184075 -24.877175 -25.582842 -26.300307 -27.028684 -27.766967 -28.514025 -29.268600 -30.029306 -30.794629 -31.562930 -32.332446 -33.101298 -33.867500 -34.628965 -35.383519 -36.128913 -36.862839 -37.582945 -38.286851 -38.972170 -39.636522 -40.277558 -40.892968 -41.480511 -42.038019 -42.563419 -43.054745 -43.510151 -43.927920
-10.700556 -11.013162 -11.335968 -11.669270 -12.013364 -12.368547 -12.735113 -13.113353 -13.503554 -13.905995 -14.320946 -14.748667 -15.189401 -15.643377 -16.110804 -16.591865 -17.086718 -17.595489 -18.118268 -18.655104 -19.206003 -19.770917 -20.349745 -20.942323 -21.548418 -22.167726 -22.799861 -23.444354 -24.100642 -24.768068 -25.445873 -26.133190 -26.829046 -27.532352 -28.241907 -28.956397 -29.674391 -30.394350 -31.114626 -31.833471 -32.549041 -33.259408 -33.962569 -34.656456 -35.338955 -36.007913 -36.661160 -37.296518 -37.911822 -38.504934 -39.073760 -39.616262 -40.130474 -40.614517 -41.066608 -41.485075 -41.868361
-10.512654 -10.815670 -11.128369 -11.451017 -11.783882 -12.127232 -12.481330 -12.846434 -13.222797 -13.610664 -14.010269 -14.421836 -14.845572 -15.281666 -15.730289 -16.191586 -16.665675 -17.152644 -17.652544 -18.165389 -18.691147 -19.229739 -19.781029 -20.344827 -20.920875 -21.508849 -22.108348 -22.718893 -23.339922 -23.970782 -24.610728 -25.258920 -25.914417 -26.576179 -27.243062 -27.913821 -28.587111 -29.261488 -29.935416 -30.607268 -31.275338 -31.937844 -32.592942 -33.238734 -33.873282 -34.494619 -35.100762 -35.689728 -36.259546 -36.808272 -37.334003 -37.834889 -38.309149 -38.755076 -39.171057 -39.555574 -39.907220
-10.324477 -10.618018 -10.920736 -11.232875 -11.554676 -11.886375 -12.228209 -12.580404 -12.943184 -13.316760 -13.701335 -14.097097 -14.504220 -14.922859 -15.353149 -15.795200 -16.249095 -16.714889 -17.192599 -17.682205 -18.183646 -18.696812 -19.221544 -19.757627 -20.304784 -20.862677 -21.430895 -22.008956 -22.596299 -23.192284 -23.796183 -24.407185 -25.024385 -25.646791 -26.273318 -26.902791 -27.533947 -28.165433 -28.795820 -29.423596 -30.047183 -30.664936 -31.275160 -31.876112 -32.466017 -33.043075 -33.605479 -34.151420 -34.679104 -35.186764 -35.672672 -36.135147 -36.572573 -36.983405 -37.366178 -37.719519 -38.042153
-10.136352 -10.420548 -10.713434 -11.015229 -11.326148 -11.646403 -11.976200 -12.315741 -12.665217 -13.024812 -13.394697 -13.775032 -14.165957 -14.567596 -14.980054 -15.403408 -15.837712 -16.282988 -16.739225 -17.206375 -17.684351 -18.173018 -18.672197 -19.181654 -19.701098 -20.230180 -20.768485 -21.315531 -21.870766 -22.433561 -23.003212 -23.578937 -24.159871 -24.745069 -25.333505 -25.924072 -26.515585 -27.106782 -27.696331 -28.282831 -28.864823 -29.440790 -30.009172 -30.568371 -31.116760 -31.652695 -32.174526 -32.680604 -33.169297 -33.638997 -34.088135 -34.515184 -34.918679 -35.297218 -35.649474 -35.974203 -36.270251
-9.948581 -10.223580 -10.506800 -10.798434 -11.098674 -11.407707 -11.725716 -12.052874 -12.389347 -12.735292 -13.090853 -13.456158 -13.831323 -14.216443 -14.611592 -15.016822 -15.432158 -15.857595 -16.293099 -16.738596 -17.193977 -17.659088 -18.133732 -18.617662 -19.110577 -19.612121 -20.121879 -20.639373 -21.164060 -21.695330 -22.232503 -22.774826 -23.321476 -23.871556 -24.424096 -24.978056 -25.532327 -26.085731 -26.637030 -27.184926 -27.728070 -28.265064 -28.794474 -29.314833 -29.824652 -30.322429 -30.806655 -31.275830 -31.728467 -32.163103 -32.578312 -32.972710 -33.344965 -33.693806 -34.018031 -34.316514 -34.588211
-9.761446 -10.027411 -10.301143 -10.582813 -10.872592 -11.170645 -11.477128 -11.792194 -12.115983 -12.448627 -12.790243 -13.140937 -13.500797 -13.869893 -14.248275 -14.635969 -15.032976 -15.439269 -15.854791 -16.279448 -16.713113 -17.155617 -17.606749 -18.066250 -18.533815 -19.009084 -19.491646 -19.981028 -20.476703 -20.978077 -21.484496 -21.995242 -22.509529 -23.026510 -23.545269 -24.064831 -24.584158 -25.102153 -25.617665 -26.129493 -26.636390 -27.137069 -27.630211 -28.114471 -28.588484 -29.050877 -29.500274 -29.935306 -30.354620 -30.756885 -31.140803 -31.505120 -31.848625 -32.170166 -32.468655 -32.743072 -32.992471
-9.575209 -9.832313 -10.096748 -10.368665 -10.648215 -10.935540 -11.230776 -11.534053 -11.845489 -12.165193 -12.493261 -12.829774 -13.174797 -13.528378 -13.890544 -14.261301 -14.640627 -15.028477 -15.424774 -15.829409 -16.242239 -16.663081 -17.091716 -17.527878 -17.971257 -18.421497 -18.878188 -19.340869 -19.809027 -20.282090 -20.759430 -21.240360 -21.724137 -22.209958 -22.696963 -23.184237 -23.670809 -24.155660 -24.637721 -25.115879 -25.588983 -26.055848 -26.515262 -26.965990 -27.406782 -27.836384 -28.253538 -28.656996 -29.045526 -29.417916 -29.772988 -30.109601 -30.426656 -30.723111 -30.997976 -31.250329 -31.479315
-9.390108 -9.638536 -9.893876 -10.156262 -10.425823 -10.702685 -10.986962 -11.278764 -11.578190 -11.885327 -12.200250 -12.523021 -12.853684 -13.192266 -13.538776 -13.893198 -14.255496 -14.625606 -15.003436 -15.388862 -15.781730 -16.181848 -16.588989 -17.002883 -17.423221 -17.849648 -18.281762 -18.719115 -19.161208 -19.607491 -20.057365 -20.510176 -20.965218 -21.421735 -21.878918 -22.335911 -22.791808 -23.245659 -23.696473 -24.143222 -24.584841 -25.020240 -25.448304 -25.867900 -26.277884 -26.677108 -27.064424 -27.438694 -27.798794 -28.143623 -28.472108 -28.783212 -29.075940 -29.349344 -29.602528 -29.834657 -30.044957
-9.206363 -9.446309 -9.692765 -9.945848 -10.205672 -10.472342 -10.745957 -11.026607 -11.314372 -11.609322 -11.911512 -12.220985 -12.537769 -12.861872 -13.193286 -13.531979 -13.877900 -14.230969 -14.591082 -14.958105 -15.331874 -15.712190 -16.098821 -16.491498 -16.889910 -17.293709 -17.702502 -18.115854 -18.533283 -18.954263 -19.378220 -19.804534 -20.232539 -20.661519 -21.090718 -21.519333 -21.946520 -22.371395 -22.793040 -23.210503 -23.622802 -24.028932 -24.427868 -24.818571 -25.199994 -25.571085 -25.930796 -26.278089 -26.611939 -26.931344 -27.235328 -27.522949 -27.793303 -28.045529 -28.278817 -28.492409 -28.685606
-9.024176 -9.255838 -9.493628 -9.737646 -9.987989 -10.244747 -10.508002 -10.777827 -11.054286 -11.337432 -11.627303 -11.923927 -12.227314 -12.537459 -12.854336 -13.177902 -13.508091 -13.844812 -14.187950 -14.537363 -14.892880 -15.254297 -15.621380 -15.993860 -16.371431 -16.753749 -17.140435 -17.531065 -17.925178 -18.322269 -18.721792 -19.123159 -19.525740 -19.928863 -20.331818 -20.733854 -21.134186 -21.531991 -21.926418 -22.316587 -22.701591 -23.080504 -23.452386 -23.816282 -24.171231 -24.516273 -24.850449 -25.172811 -25.482427 -25.778382 -26.059789 -26.325791 -26.575568 -26.808339 -27.023368 -27.219969 -27.397510
