example/data/mag_topo.grd
DSAA
128	128
-63.500000	63.500000
-63.500000	63.500000
-230.116453	757.846112
[rows 25 to 49 of 128, columns 0 to 56 of 128]
-5.162223 -5.185874 -5.201438 -5.207939 -5.204323 -5.189457 -5.162126 -5.121029 -5.064775 -4.991882 -4.900766 -4.789741 -4.657000 -4.500611 -4.318495 -4.108407 -3.867910 -3.594341 -3.284779 -2.936001 -2.544438 -2.106128 -1.616675 -1.071212 -0.464375 0.209699 0.957341 1.785284 2.700537 3.710198 4.821189 6.039910 7.371811 8.820882 10.389100 12.075830 13.877264 15.785916 17.790246 19.874471 22.018598 24.198698 26.387425 28.554738 30.668774 32.696786 34.606081 36.364884 37.943069 39.312746 40.448696 41.328674 41.933637 42.247924 42.259456 41.959985 41.345410
-5.302448 -5.327946 -5.345003 -5.352577 -5.349543 -5.334683 -5.306685 -5.264135 -5.205512 -5.129179 -5.033375 -4.916199 -4.775597 -4.609339 -4.414998 -4.189917 -3.931171 -3.635529 -3.299401 -2.918787 -2.489215 -2.005692 -1.462642 -0.853865 -0.172512 0.588912 1.438509 2.384888 3.436999 4.603884 5.894325 7.316395 8.876896 10.580711 12.430090 14.423904 16.556957 18.819390 21.196285 23.667523 26.207951 28.787869 31.373821 33.929622 36.417528 38.799439 41.038030 43.097717 44.945415 46.551060 47.887920 48.932756 49.665871 50.071150 50.136141 49.852238 49.214984
-5.448723 -5.476486 -5.495476 -5.504588 -5.502620 -5.488265 -5.460110 -5.416619 -5.356129 -5.276835 -5.176775 -5.053811 -4.905606 -4.729596 -4.522951 -4.282541 -4.004880 -3.686074 -3.321755 -2.907012 -2.436321 -1.903468 -1.301486 -0.622601 0.141803 1.001168 1.965713 3.046299 4.254213 5.600842 7.097219 8.753439 10.577941 12.576669 14.752168 17.102654 19.621157 22.294832 25.104538 28.024782 31.024075 34.065716 37.108946 40.110373 43.025520 45.810342 48.422569 50.822762 52.975053 54.847539 56.412409 57.645872 58.527988 59.042505 59.176790 58.921927 58.273002
-5.601336 -5.631825 -5.653238 -5.664402 -5.664036 -5.650744 -5.623000 -5.579140 -5.517345 -5.435626 -5.331799 -5.203460 -5.047955 -4.862338 -4.643326 -4.387247 -4.089970 -3.746838 -3.352586 -2.901250 -2.386079 -1.799442 -1.132744 -0.376359 0.480401 1.449284 2.543017 3.775142 5.159737 6.711001 8.442671 10.367281 12.495232 14.833741 17.385676 20.148402 23.112721 26.262066 29.572068 33.010624 36.538525 40.110633 43.677523 47.187420 50.588217 53.829360 56.863414 59.647187 62.142376 64.315767 66.139074 67.588563 68.644582 69.291148 69.515691 69.309039 68.665693
-5.760557 -5.794273 -5.818639 -5.832415 -5.834239 -5.822615 -5.795902 -5.752297 -5.689811 -5.606252 -5.499190 -5.365928 -5.203455 -5.008395 -4.776955 -4.504845 -4.187205 -3.818507 -3.392459 -2.901890 -2.338637 -1.693431 -0.955794 -0.113954 0.845202 1.936114 3.174457 4.576937 6.160937 7.943999 9.943089 12.173652 14.648448 17.376203 20.360153 23.596586 27.073549 30.769888 34.654825 38.688204 42.821484 46.999448 51.162478 55.249140 59.198778 62.953831 66.461615 69.675470 72.555228 75.067101 77.183142 78.880452 80.140343 80.947602 81.290018 81.158241 80.546022
-5.926628 -5.964107 -5.991996 -6.008983 -6.013622 -6.004314 -5.979295 -5.936607 -5.874082 -5.789304 -5.679572 -5.541862 -5.372765 -5.168431 -4.924488 -4.635957 -4.297151 -3.901561 -3.441731 -2.909116 -2.293948 -1.585088 -0.769898 0.165864 1.238106 2.464387 3.863814 5.456782 7.264557 9.308613 11.609735 14.186826 17.055450 20.226129 23.702520 27.479587 31.542013 35.863073 40.404222 45.115593 49.937483 54.802752 59.639909 64.376512 68.942462 73.272792 77.309669 81.003474 84.312985 87.204828 89.652423 91.634674 93.134671 94.138589 94.634942 94.614301 94.069504
-6.099751 -6.141558 -6.173568 -6.194397 -6.202508 -6.196195 -6.173559 -6.132483 -6.070595 -5.985238 -5.873415 -5.731739 -5.556365 -5.342911 -5.086364 -4.780977 -4.420141 -3.996246 -3.500529 -2.922905 -2.251792 -1.473937 -0.574253 0.464310 1.660849 3.036499 4.614310 6.418944 8.476162 10.812026 13.451785 16.418408 19.730762 23.401495 27.434753 31.823913 36.549626 41.578487 46.862668 52.340742 57.939810 63.578791 69.172526 74.636190 79.889405 84.859560 89.483984 93.710866 97.499009 100.816689 103.639942 105.950631 107.734597 108.980129 109.676924 109.815634 109.388044
-6.280077 -6.326798 -6.363550 -6.388870 -6.401131 -6.398511 -6.378966 -6.340205 -6.279642 -6.194351 -6.081014 -5.935847 -5.754524 -5.532077 -5.262790 -4.940063 -4.556266 -4.102570 -3.568763 -2.943040 -2.211800 -1.359425 -0.368085 0.782429 2.114810 3.654241 5.428250 7.466363 9.799491 12.458972 15.475213 18.875898 22.683747 26.913900 31.571082 36.646807 42.116980 47.940328 54.058093 60.395289 66.863638 73.365978 79.801640 86.072061 92.085871 97.762766 103.035798 107.851999 112.171538 115.965814 119.214939 121.905066 124.025905 125.568721 126.524964 126.885634 126.641406
-6.467697 -6.519931 -6.562055 -6.592529 -6.609625 -6.611399 -6.595657 -6.559915 -6.501355 -6.416765 -6.302473 -6.154265 -5.967289 -5.735940 -5.453728 -5.113122 -4.705373 -4.220315 -3.646138 -2.969150 -2.173519 -1.241017 -0.150774 1.120925 2.600779 4.318485 6.306593 8.600096 11.235718 14.250773 17.681540 21.561094 25.916581 30.766023 36.114835 41.952400 48.249149 54.954712 61.997695 69.287480 76.718166 84.174348 91.538024 98.695653 105.544327 111.996227 117.980941 123.445626 128.353383 132.680407 136.412517 139.541629 142.062586 143.970633 145.259699 145.921567 145.945923
-6.662632 -6.720981 -6.769110 -6.805397 -6.828010 -6.834874 -6.823631 -6.791595 -6.735697 -6.652415 -6.537697 -6.386861 -6.194487 -5.954279 -5.658908 -5.299835 -4.867096 -4.349070 -3.732214 -3.000779 -2.136505 -1.118313 0.077989 1.479955 3.118679 5.028832 7.248496 9.818720 12.782676 16.184339 20.066552 24.468446 29.422164 34.949003 41.055194 47.727745 54.930914 62.604036 70.661415 78.994777 87.478421 95.976635 104.352419 112.476196 120.233198 127.528503 134.289263 140.464234 146.021172 150.942855 155.222538 158.859482 161.855045 164.209614 165.920533 166.981051 167.380286
-6.864830 -6.929889 -6.984646 -7.027393 -7.056188 -7.068816 -7.062745 -7.035074 -6.982462 -6.901057 -6.786396 -6.633299 -6.435733 -6.186660 -5.877854 -5.499689 -5.040897 -4.488295 -3.826477 -3.037484 -2.100440 -0.991200 0.318009 1.858888 3.667279 5.783236 8.250847 11.117738 14.434113 18.251219 22.619099 27.583541 33.182211 39.440051 46.364239 53.939203 62.122412 70.841837 79.995982 89.457103 99.077767 108.700167 118.166917 127.331631 136.067615 144.273459 151.875053 158.824306 165.095375 170.679418 175.578857 179.801912 183.357930 186.253774 188.491390 190.066535 190.968614
-7.074158 -7.146505 -7.208495 -7.258327 -7.293942 -7.312977 -7.312716 -7.290027 -7.241282 -7.162274 -7.048106 -6.893063 -6.690465 -6.432482 -6.109932 -5.712036 -5.226141 -4.637405 -3.928447 -3.078956 -2.065286 -0.860032 0.568380 2.256054 4.243885 6.577647 9.307825 12.489056 16.179048 20.436825 25.320138 30.881928 37.165811 44.200683 51.994788 60.529829 69.756013 79.589118 89.910676 100.572062 111.402639 122.221179 132.848961 143.122379 152.903005 162.083690 170.590253 178.379229 185.432791 191.752118 197.350410 202.246408 206.458965 210.002912 212.886281 215.108814 216.661648
-7.290406 -7.370598 -7.440397 -7.497907 -7.540944 -7.566991 -7.573135 -7.555998 -7.511650 -7.435510 -7.322220 -7.165503 -6.957992 -6.691027 -6.354419 -5.936177 -5.422194 -4.795889 -4.037806 -3.125178 -2.031456 -0.725829 0.827253 2.668490 4.844050 7.405682 10.410542 13.920580 18.001334 22.719942 28.142203 34.328534 41.328783 49.176008 57.879607 67.418490 77.735337 88.733253 100.276128 112.193660 124.291199 136.363443 148.209960 159.649933 170.533612 180.748883 190.222528 198.916908 206.823489 213.954785 220.336116 225.998138 230.970692 235.278196 238.936549 241.951438 244.317851
-7.513293 -7.601855 -7.680007 -7.745750 -7.796772 -7.830390 -7.843486 -7.832424 -7.792956 -7.720107 -7.608038 -7.449884 -7.237562 -6.961544 -6.610596 -6.171467 -5.628542 -4.963438 -4.154557 -3.176594 -2.000009 -0.590484 1.091610 3.091693 5.461329 8.258378 11.546803 15.396008 19.879495 25.072651 31.049443 37.877873 45.614109 54.295443 63.932474 74.501345 85.937208 98.130475 110.927368 124.135908 137.537497 150.902918 164.010333 176.662152 188.697867 200.001043 210.500113 220.163975 228.994124 237.015209 244.265584 250.788913 256.627369 261.816601 266.382386 270.338746 273.687310
-7.742471 -7.839895 -7.926907 -8.001400 -8.060926 -8.102631 -8.123180 -8.118671 -8.084523 -8.015354 -7.904824 -7.745459 -7.528437 -7.243338 -6.877850 -6.417432 -5.844924 -5.140101 -4.279184 -3.234287 -1.972837 -0.456970 1.357062 3.519424 6.087097 9.124047 12.701029 16.894854 21.786915 27.460742 33.998348 41.475182 49.953610 59.475075 70.051386 81.656049 94.217000 107.612471 121.671745 136.182080 150.901963 165.579334 179.971944 193.866262 207.091623 219.527630 231.104522 241.797764 251.618899 260.604827 268.807267 276.283536 283.089183 289.272616 294.871543 299.910975 304.402443
-7.977544 -8.084287 -8.180627 -8.264347 -8.332857 -8.383125 -8.411593 -8.414082 -8.385668 -8.320550 -8.211876 -8.051549 -7.829992 -7.535876 -7.155795 -6.673901 -6.071475 -5.326441 -4.412825 -3.300163 -1.952858 -0.329521 1.617671 3.943562 6.710448 9.988265 13.854371 18.392747 23.692387 29.844625 36.939146 45.058469 54.270831 64.621605 76.123784 88.748510 102.417149 116.996830 132.301398 148.099183 164.127763 180.114167 195.797356 210.948969 225.388696 238.992110 251.690742 263.465849 274.338190 284.356229 293.584667 302.094516 309.955274 317.229273 323.967993 330.209985 335.980028
-8.218079 -8.334566 -8.440670 -8.534060 -8.612001 -8.671279 -8.708107 -8.718022 -8.695753 -8.635071 -8.528605 -8.367629 -8.141805 -7.838889 -7.444385 -6.941136 -6.308873 -5.523683 -4.557430 -3.377111 -1.944166 -0.213775 1.865840 4.354038 7.318215 10.834000 14.985010 19.861979 25.561010 32.180689 39.817785 48.561311 58.484875 69.637470 82.033268 95.641473 110.377865 126.100079 142.608724 159.655853 176.960948 194.232747 211.193485 227.601206 243.266244 258.059560 271.912729 284.811170 296.783145 307.887135 318.199638 327.804677 336.785600 345.219218 353.172036 360.698161 367.838437
-8.463628 -8.590255 -8.706531 -8.810011 -8.897812 -8.966533 -9.012157 -9.029935 -9.014246 -8.958433 -8.854605 -8.693409 -8.463751 -8.152484 -7.744030 -7.219952 -6.558460 -5.733853 -4.715894 -3.469129 -1.952154 -0.116867 2.092265 4.738857 7.895088 11.641884 16.068638 21.272270 27.355339 34.422971 42.578274 51.916050 62.514697 74.426492 87.666848 102.203649 117.948389 134.751257 152.402366 170.640711 189.171026 207.686776 225.895716 243.543452 260.430925 276.423347 291.450379 305.499174 318.602952 330.827836 342.260122 352.995354 363.129818 372.754505 381.951277 390.790776 399.331569
-8.713747 -8.850889 -8.977731 -9.091710 -9.189794 -9.268398 -9.323275 -9.349391 -9.340778 -9.290357 -9.189726 -9.028913 -8.796089 -8.477224 -8.055693 -7.511818 -6.822349 -5.959872 -4.892151 -3.581408 -1.983562 -0.047443 2.285971 5.084222 8.423860 12.390614 17.079075 22.591672 29.036674 36.524936 45.165098 55.057002 66.283266 78.899187 92.921616 108.317937 124.996925 142.803672 161.520839 180.877851 200.568205 220.273152 239.688097 258.547096 276.641232 293.828304 310.033486 325.242577 339.490514 352.847973 365.408312 377.276320 388.559444 399.361577 409.779120 419.898857 429.797088
-8.968013 -9.116039 -9.253837 -9.378728 -9.487537 -9.576495 -9.641130 -9.676131 -9.675193 -9.630824 -9.534129 -9.374542 -9.139524 -8.814202 -8.380953 -7.818924 -7.103486 -6.205617 -5.091214 -3.720348 -2.046468 -0.015598 2.434449 5.374749 8.885756 13.057448 17.988971 23.787542 30.566353 38.441179 47.525400 57.923223 69.721019 82.976996 97.709832 113.887439 131.417627 150.142887 169.841526 190.236809 211.014322 231.845845 252.416159 272.448200 291.722261 310.086577 327.458790 343.819773 359.202455 373.678455 387.344884 400.312848 412.698416 424.616173 436.175103 447.476319 458.612082
-9.226042 -9.385325 -9.534483 -9.670726 -9.790739 -9.890580 -9.965558 -10.010100 -10.017577 -9.980107 -9.888326 -9.731108 -9.495245 -9.165074 -8.722043 -8.144206 -7.405663 -6.475915 -5.319155 -3.893503 -2.150190 -0.032732 2.523864 5.593778 9.260861 13.618763 18.770531 24.827459 31.906916 40.128849 49.610708 60.460536 72.768190 86.594901 101.961785 118.838499 137.133763 156.689938 177.283894 198.635807 220.426163 242.319412 263.990815 285.152024 305.571098 325.084143 343.597886 361.084431 377.570707 393.125396 407.845731 421.845815 435.247286 448.172555 460.740367 473.063246 485.246227
-9.487504 -9.658436 -9.819387 -9.967467 -10.099227 -10.210562 -10.296583 -10.351467 -10.368284 -10.338794 -10.253196 -10.099848 -9.864931 -9.532060 -9.081833 -8.491321 -7.733475 -6.776475 -5.583002 -4.109452 -2.305109 -0.111307 2.539366 5.723753 9.528594 14.050639 19.396219 25.680056 33.023039 41.548689 51.378027 62.622630 75.375830 89.702244 105.626278 123.120708 142.097064 162.399911 183.807254 206.038691 228.771723 251.664819 274.384045 296.628930 318.153322 338.778278 358.396014 376.965917 394.504899 411.074818 426.769392 441.702342 455.997703 469.782622 483.182449 496.317705 509.302351
-9.752127 -9.935133 -10.108359 -10.268823 -10.412958 -10.536513 -10.634415 -10.700620 -10.727928 -10.707772 -10.629965 -10.482402 -10.250720 -9.917892 -9.463772 -8.864561 -8.092212 -7.113759 -5.890576 -4.377582 -2.522406 -0.264539 2.465465 5.746669 9.668219 14.329438 19.839391 26.315678 33.882201 42.665632 52.790296 64.371263 77.505596 92.261945 108.669065 126.704351 146.284013 167.256935 189.404383 212.447251 236.061364 259.899699 283.618614 306.903955 329.492848 351.188043 371.863526 391.462061 409.986698 427.488847 444.055382 459.796594 474.836070 489.302911 503.326198 517.031314 530.537562
-10.019702 -10.215252 -10.401297 -10.574774 -10.732019 -10.868650 -10.979440 -11.058152 -11.097354 -11.088199 -11.020165 -10.880752 -10.655131 -10.325731 -9.871770 -9.268721 -8.487697 -7.494774 -6.250243 -4.707807 -2.813735 -0.506012 2.286462 5.644555 9.659372 14.432352 20.074836 26.706884 34.455069 43.449001 53.816280 65.675696 79.128583 94.248511 111.069846 129.576190 149.690242 171.267065 194.092869 217.891072 242.336347 267.075814 291.754771 316.043095 339.658132 362.380748 384.062890 404.626933 424.058551 442.395573 459.715309 476.122268 491.737499 506.690095 521.110872 535.127890 548.863317
-10.290071 -10.498693 -10.698176 -10.885393 -11.056600 -11.207316 -11.332186 -11.424818 -11.477593 -11.481436 -11.425555 -11.297130 -11.080955 -10.759022 -10.310042 -9.708904 -8.926053 -7.926811 -6.670618 -5.110219 -3.190823 -0.849238 1.986932 5.399982 9.482584 14.337911 20.079235 26.828794 34.715666 43.872388 54.430049 66.511634 80.223538 95.645372 112.818537 131.734499 152.324201 174.450524 197.905905 222.416948 247.657001 273.266172 298.876557 324.139061 348.747630 372.457319 395.094146 416.556518 436.809664 455.875371 473.819516 490.739472 506.752768 521.987727 536.576205 550.648193 564.327829
