example/data/mag_topo.grd
DSAA
128	128
-63.500000	63.500000
-63.500000	63.500000
-230.116453	757.846112
[rows 100 to 124 of 128, columns 57 to 113 of 128]
-125.864753 -126.116520 -125.977892 -125.476956 -124.649580 -123.537983 -122.188982 -120.652018 -118.977049 -117.212469 -115.403154 -113.588786 -111.802511 -110.069988 -108.408858 -106.828592 -105.330704 -103.909281 -102.551793 -101.240122 -99.951814 -98.661468 -97.342262 -95.967527 -94.512328 -92.954938 -91.278130 -89.470169 -87.525439 -85.444629 -83.234482 -80.907131 -78.479111 -75.970160 -73.401934 -70.796762 -68.176548 -65.561873 -62.971347 -60.421188 -57.925032 -55.493912 -53.136371 -50.858669 -48.665045 -46.557996 -44.538566 -42.606608 -40.761034 -39.000030 -37.321240 -35.721922 -34.199076 -32.749550 -31.370115 -30.057533 -28.808605
-117.477016 -117.835766 -117.855490 -117.558065 -116.972006 -116.131337 -115.074202 -113.841248 -112.473887 -111.012532 -109.494923 -107.954640 -106.419901 -104.912675 -103.448150 -102.034553 -100.673300 -99.359446 -98.082404 -96.826891 -95.574055 -94.302758 -92.990943 -91.617034 -90.161297 -88.607081 -86.941845 -85.157910 -83.252857 -81.229562 -79.095857 -76.863881 -74.549181 -72.169680 -69.744602 -67.293465 -64.835195 -62.387433 -59.966031 -57.584746 -55.255106 -52.986418 -50.785872 -48.658726 -46.608528 -44.637351 -42.746032 -40.934398 -39.201472 -37.545652 -35.964870 -34.456724 -33.018584 -31.647682 -30.341181 -29.096229 -27.910002
-109.670587 -110.099245 -110.233414 -110.090132 -109.692057 -109.066584 -108.244730 -107.259818 -106.146038 -104.936969 -103.664149 -102.355789 -101.035701 -99.722500 -98.429103 -97.162544 -95.924083 -94.709596 -93.510215 -92.313178 -91.102851 -89.861872 -88.572367 -87.217164 -85.780954 -84.251302 -82.619465 -80.880927 -79.035643 -77.087960 -75.046247 -72.922272 -70.730421 -68.486807 -66.208391 -63.912162 -61.614439 -59.330324 -57.073323 -54.855120 -52.685487 -50.572301 -48.521650 -46.537986 -44.624313 -42.782387 -41.012914 -39.315739 -37.690019 -36.134373 -34.647016 -33.225869 -31.868654 -30.572964 -29.336329 -28.156255 -27.030268
-102.425488 -102.895798 -103.110076 -103.081578 -102.828303 -102.372289 -101.738714 -100.954828 -100.048763 -99.048298 -97.979647 -96.866357 -95.728374 -94.581336 -93.436123 -92.298676 -91.170089 -90.046946 -88.921895 -87.784403 -86.621666 -85.419625 -84.164015 -82.841416 -81.440218 -79.951437 -78.369343 -76.691842 -74.920591 -73.060857 -71.121135 -69.112588 -67.048356 -64.942817 -62.810863 -60.667239 -58.525992 -56.400050 -54.300930 -52.238573 -50.221286 -48.255767 -46.347200 -44.499388 -42.714906 -40.995274 -39.341118 -37.752330 -36.228210 -34.767596 -33.368972 -32.030565 -30.750421 -29.526470 -28.356577 -27.238583 -26.170331
-95.713845 -96.204570 -96.472377 -96.527567 -96.384427 -96.060670 -95.576702 -94.954757 -94.217912 -93.389057 -92.489883 -91.539935 -90.555816 -89.550569 -88.533288 -87.508948 -86.478494 -85.439132 -84.384839 -83.307033 -82.195373 -81.038641 -79.825649 -78.546126 -77.191504 -75.755575 -74.234963 -72.629377 -70.941647 -69.177541 -67.345399 -65.455630 -63.520122 -61.551631 -59.563181 -57.567546 -55.576811 -53.602047 -51.653087 -49.738410 -47.865101 -46.038884 -44.264201 -42.544327 -40.881500 -39.277063 -37.731597 -36.245055 -34.816885 -33.446131 -32.131528 -30.871586 -29.664648 -28.508952 -27.402671 -26.343946 -25.330915
-89.503549 -89.998984 -90.299968 -90.414491 -90.353881 -90.132358 -89.766437 -89.274220 -88.674585 -87.986332 -87.227333 -86.413735 -85.559286 -84.674803 -83.767841 -82.842549 -81.899747 -80.937193 -79.950022 -78.931344 -77.872933 -76.765989 -75.601910 -74.373026 -73.073237 -71.698535 -70.247341 -68.720674 -67.122122 -65.457645 -63.735239 -61.964486 -60.156064 -58.321234 -56.471364 -54.617505 -52.770054 -50.938500 -49.131255 -47.355572 -45.617517 -43.922004 -42.272867 -40.672950 -39.124223 -37.627893 -36.184522 -34.794133 -33.456312 -32.170295 -30.935051 -29.749342 -28.611785 -27.520894 -26.475120 -25.472876 -24.512566
-83.760717 -84.249479 -84.568247 -84.723198 -84.723302 -84.579958 -84.306511 -83.917669 -83.428837 -82.855409 -82.212055 -81.512064 -80.766768 -79.985100 -79.173308 -78.334849 -77.470452 -76.578357 -75.654708 -74.694063 -73.689995 -72.635735 -71.524825 -70.351714 -69.112281 -67.804222 -66.427308 -64.983469 -63.476739 -61.913051 -60.299935 -58.646129 -56.961168 -55.254963 -53.537415 -51.818085 -50.105921 -48.409069 -46.734743 -45.089166 -43.477552 -41.904145 -40.372272 -38.884427 -37.442363 -36.047185 -34.699448 -33.399247 -32.146296 -30.940008 -29.779560 -28.663945 -27.592021 -26.562552 -25.574236 -24.625733 -23.715681
-78.451312 -78.925367 -79.250443 -79.431292 -79.475001 -79.390693 -79.189133 -78.882249 -78.482580 -78.002696 -77.454604 -76.849202 -76.195798 -75.501743 -74.772196 -74.010038 -73.215938 -72.388565 -71.524924 -70.620806 -69.671291 -68.671302 -67.616130 -66.501935 -65.326148 -64.087771 -62.787555 -61.428036 -60.013459 -58.549579 -57.043394 -55.502813 -53.936313 -52.352596 -50.760282 -49.167639 -47.582380 -46.011512 -44.461238 -42.936914 -41.443044 -39.983310 -38.560620 -37.177179 -35.834563 -34.533799 -33.275443 -32.059657 -30.886276 -29.754869 -28.664798 -27.615261 -26.605332 -25.633994 -24.700166 -23.802726 -22.940522
-73.542172 -73.996067 -74.319048 -74.514749 -74.588755 -74.548352 -74.402208 -74.159975 -73.831839 -73.428037 -72.958371 -72.431751 -71.855802 -71.236563 -70.578289 -69.883393 -69.152510 -68.384680 -67.577645 -66.728229 -65.832767 -64.887565 -63.889332 -62.835583 -61.724952 -60.557416 -59.334418 -58.058864 -56.735039 -55.368421 -53.965448 -52.533239 -51.079306 -49.611280 -48.136660 -46.662605 -45.195774 -43.742205 -42.307250 -40.895535 -39.510970 -38.156764 -36.835477 -35.549074 -34.298986 -33.086176 -31.911209 -30.774306 -29.675410 -28.614228 -27.590286 -26.602961 -25.651516 -24.735130 -23.852915 -23.003939 -22.187238
-69.001651 -69.431892 -69.746769 -69.949039 -70.043084 -70.034709 -69.930880 -69.739390 -69.468497 -69.126519 -68.721439 -68.260525 -67.750015 -67.194860 -66.598576 -65.963202 -65.289353 -64.576392 -63.822681 -63.025903 -62.183424 -61.292670 -60.351482 -59.358432 -58.313070 -57.216086 -56.069384 -54.876064 -53.640332 -52.367329 -51.062934 -49.733524 -48.385743 -47.026275 -45.661650 -44.298073 -42.941302 -41.596557 -40.268467 -38.961048 -37.677704 -36.421253 -35.193960 -33.997589 -32.833449 -31.702455 -30.605178 -29.541894 -28.512639 -27.517242 -26.555371 -25.626558 -24.730233 -23.865742 -23.032369 -22.229348 -21.455878
-64.799965 -65.204541 -65.507159 -65.709885 -65.816141 -65.830542 -65.758668 -65.606803 -65.381624 -65.089878 -64.738053 -64.332071 -63.877025 -63.376977 -62.834844 -62.252359 -61.630136 -60.967813 -60.264268 -59.517890 -58.726882 -57.889565 -57.004670 -56.071584 -55.090537 -54.062721 -52.990328 -51.876523 -50.725349 -49.541582 -48.330556 -47.097967 -45.849681 -44.591555 -43.329276 -42.068231 -40.813412 -39.569344 -38.340047 -37.129017 -35.939235 -34.773187 -33.632890 -32.519937 -31.435538 -30.380564 -29.355593 -28.360950 -27.396749 -26.462925 -25.559267 -24.685444 -23.841026 -23.025507 -22.238317 -21.478836 -20.746405
-60.909369 -61.287373 -61.574996 -61.773763 -61.886333 -61.916359 -61.868302 -61.747215 -61.558488 -61.307584 -60.999768 -60.639859 -60.232014 -59.779573 -59.284963 -58.749679 -58.174338 -57.558810 -56.902397 -56.204062 -55.462677 -54.677271 -53.847265 -52.972660 -52.054178 -51.093348 -50.092521 -49.054830 -47.984107 -46.884749 -45.761575 -44.619661 -43.464183 -42.300273 -41.132890 -39.966722 -38.806106 -37.654977 -36.516837 -35.394746 -34.291325 -33.208777 -32.148911 -31.113175 -30.102692 -29.118297 -28.160572 -27.229884 -26.326414 -25.450185 -24.601090 -23.778914 -22.983348 -22.214013 -21.470463 -20.752206 -20.058705
-57.304203 -57.655534 -57.926505 -58.118219 -58.232724 -58.272901 -58.242307 -58.144996 -57.985310 -57.767665 -57.496330 -57.175222 -56.807741 -56.396637 -55.943943 -55.450962 -54.918323 -54.346084 -53.733893 -53.081171 -52.387320 -51.651921 -50.874918 -50.056763 -49.198525 -48.301943 -47.369425 -46.404012 -45.409291 -44.389288 -43.348340 -42.290962 -41.221722 -40.145118 -39.065485 -37.986907 -36.913165 -35.847691 -34.793548 -33.753424 -32.729637 -31.724148 -30.738588 -29.774281 -28.832275 -27.913372 -27.018159 -26.147034 -25.300233 -24.477854 -23.679879 -22.906189 -22.156579 -21.430775 -20.728441 -20.049192 -19.392595
-53.960854 -54.285993 -54.539466 -54.722047 -54.835301 -54.881487 -54.863431 -54.784379 -54.647825 -54.457331 -54.216357 -53.928089 -53.595310 -53.220293 -52.804755 -52.349846 -51.856205 -51.324045 -50.753288 -50.143720 -49.495153 -48.807588 -48.081359 -47.317244 -46.516539 -45.681097 -44.813316 -43.916096 -42.992770 -42.047003 -41.082690 -40.103844 -39.114494 -38.118590 -37.119925 -36.122069 -35.128325 -34.141698 -33.164878 -32.200236 -31.249830 -30.315416 -29.398472 -28.500214 -27.621626 -26.763479 -25.926360 -25.110692 -24.316758 -23.544716 -22.794621 -22.066435 -21.360039 -20.675251 -20.011825 -19.369466 -18.747834
-50.857676 -51.157510 -51.393239 -51.565383 -51.675125 -51.724226 -51.714924 -51.649810 -51.531691 -51.363439 -51.147856 -50.887538 -50.584767 -50.241432 -49.858994 -49.438482 -48.980542 -48.485510 -47.953525 -47.384652 -46.779019 -46.136941 -45.459036 -44.746301 -44.000174 -43.222548 -42.415761 -41.582549 -40.725984 -39.849391 -38.956261 -38.050160 -37.134645 -36.213188 -35.289115 -34.365555 -33.445402 -32.531297 -31.625610 -30.730442 -29.847629 -28.978753 -28.125157 -27.287966 -26.468102 -25.666310 -24.883175 -24.119138 -23.374517 -22.649521 -21.944264 -21.258773 -20.593004 -19.946847 -19.320135 -18.712650 -18.124128
-47.974880 -48.250564 -48.468740 -48.629730 -48.734415 -48.784159 -48.780729 -48.726186 -48.622782 -48.472832 -48.278607 -48.042223 -47.765559 -47.450195 -47.097385 -46.708061 -46.282872 -45.822248 -45.326494 -44.795889 -44.230797 -43.631762 -42.999595 -42.335439 -41.640803 -40.917570 -40.167982 -39.394595 -38.600229 -37.787891 -36.960705 -36.121840 -35.274439 -34.421560 -33.566125 -32.710882 -31.858379 -31.010943 -30.170671 -29.339434 -28.518876 -27.710427 -26.915316 -26.134584 -25.369102 -24.619588 -23.886619 -23.170652 -22.472031 -21.791004 -21.127731 -20.482295 -19.854711 -19.244931 -18.652851 -18.078318 -17.521135
-45.294401 -45.547263 -45.748383 -45.897938 -45.996570 -46.045328 -46.045598 -45.999019 -45.907393 -45.772587 -45.596442 -45.380688 -45.126880 -44.836348 -44.510179 -44.149224 -43.754131 -43.325401 -42.863463 -42.368755 -41.841809 -41.283331 -40.694261 -40.075824 -39.429549 -38.757273 -38.061119 -37.343461 -36.606872 -35.854069 -35.087846 -34.311019 -33.526369 -32.736592 -31.944265 -31.151808 -30.361468 -29.575306 -28.795185 -28.022776 -27.259559 -26.506832 -25.765724 -25.037202 -24.322091 -23.621080 -22.934740 -22.263533 -21.607824 -20.967891 -20.343930 -19.736070 -19.144371 -18.568836 -18.009415 -17.466008 -16.938473
-42.799772 -43.031229 -43.216004 -43.354163 -43.446162 -43.492798 -43.495156 -43.454534 -43.372374 -43.250181 -43.089451 -42.891604 -42.657931 -42.389561 -42.087446 -41.752369 -41.384974 -40.985812 -40.555399 -40.094287 -39.603127 -39.082730 -38.534114 -37.958539 -37.357518 -36.732816 -36.086425 -35.420537 -34.737495 -34.039746 -33.329790 -32.610132 -31.883233 -31.151480 -30.417146 -29.682371 -28.949146 -28.219298 -27.494491 -26.776224 -26.065834 -25.364506 -24.673278 -23.993053 -23.324610 -22.668614 -22.025624 -21.396105 -20.780435 -20.178913 -19.591764 -19.019151 -18.461171 -17.917869 -17.389238 -16.875222 -16.375725
-40.475989 -40.687496 -40.856773 -40.983802 -41.068897 -41.112657 -41.115925 -41.079729 -41.005220 -40.893612 -40.746125 -40.563928 -40.348102 -40.099612 -39.819299 -39.507889 -39.166017 -38.794263 -38.393209 -37.963479 -37.505804 -37.021056 -36.510294 -35.974776 -35.415974 -34.835563 -34.235402 -33.617503 -32.983994 -32.337080 -31.678994 -31.011968 -30.338186 -29.659762 -28.978709 -28.296924 -27.616175 -26.938091 -26.264164 -25.595742 -24.934040 -24.280141 -23.635004 -22.999474 -22.374288 -21.760085 -21.157411 -20.566728 -19.988423 -19.422810 -18.870134 -18.330583 -17.804285 -17.291317 -16.791706 -16.305434 -15.832443
-38.309385 -38.502391 -38.657095 -38.773421 -38.851570 -38.891988 -38.895327 -38.862395 -38.794115 -38.691467 -38.555447 -38.387025 -38.187110 -37.956536 -37.696053 -37.406335 -37.088004 -36.741659 -36.367917 -35.967453 -35.541040 -35.089584 -34.614148 -34.115969 -33.596458 -33.057190 -32.499890 -31.926399 -31.338647 -30.738616 -30.128308 -29.509708 -28.884760 -28.255340 -27.623236 -26.990135 -26.357613 -25.727129 -25.100021 -24.477510 -23.860701 -23.250589 -22.648064 -22.053916 -21.468843 -20.893457 -20.328291 -19.773800 -19.230374 -18.698335 -18.177945 -17.669408 -17.172877 -16.688451 -16.216188 -15.756098 -15.308155
-36.287507 -36.463427 -36.604522 -36.710675 -36.782002 -36.818830 -36.821656 -36.791120 -36.727957 -36.632963 -36.506955 -36.350739 -36.165090 -35.950733 -35.708340 -35.438542 -35.141943 -34.819150 -34.470797 -34.097584 -33.700305 -33.279872 -32.837334 -32.373886 -31.890867 -31.389751 -30.872126 -30.339675 -29.794146 -29.237322 -28.670994 -28.096935 -27.516877 -26.932487 -26.345360 -25.757000 -25.168817 -24.582119 -23.998116 -23.417915 -22.842525 -22.272864 -21.709756 -21.153943 -20.606086 -20.066772 -19.536514 -19.015763 -18.504903 -18.004263 -17.514113 -17.034670 -16.566103 -16.108532 -15.662035 -15.226648 -14.802369
-34.399009 -34.559204 -34.687660 -34.784234 -34.848978 -34.882125 -34.884054 -34.855269 -34.796357 -34.707965 -34.590768 -34.445442 -34.272650 -34.073027 -33.847183 -33.595709 -33.319188 -33.018222 -32.693452 -32.345584 -31.975414 -31.583841 -31.171885 -30.740687 -30.291508 -29.825717 -29.344775 -28.850216 -28.343620 -27.826592 -27.300737 -26.767639 -26.228844 -25.685842 -25.140054 -24.592828 -24.045428 -23.499034 -22.954740 -22.413555 -21.876404 -21.344133 -20.817511 -20.297232 -19.783922 -19.278143 -18.780390 -18.291101 -17.810659 -17.339388 -16.877566 -16.425417 -15.983121 -15.550815 -15.128591 -14.716505 -14.314577
-32.633545 -32.779308 -32.896080 -32.983701 -33.042178 -33.071671 -33.072467 -33.044961 -32.989625 -32.906987 -32.797606 -32.662054 -32.500904 -32.314718 -32.104051 -31.869455 -31.611493 -31.330755 -31.027877 -30.703557 -30.358578 -29.993816 -29.610249 -29.208956 -28.791119 -28.358002 -27.910947 -27.451347 -26.980632 -26.500248 -26.011633 -25.516207 -25.015352 -24.510399 -24.002624 -23.493235 -22.983370 -22.474097 -21.966409 -21.461228 -20.959404 -20.461719 -19.968890 -19.481568 -19.000347 -18.525761 -18.058287 -17.598350 -17.146324 -16.702532 -16.267249 -15.840708 -15.423093 -15.014552 -14.615192 -14.225082 -13.844260
-30.981678 -31.114226 -31.220236 -31.299541 -31.352115 -31.378063 -31.377600 -31.351035 -31.298749 -31.221175 -31.118780 -30.992053 -30.841491 -30.667596 -30.470876 -30.251848 -30.011051 -29.749058 -29.466490 -29.164030 -28.842438 -28.502555 -28.145310 -27.771720 -27.382882 -26.979963 -26.564190 -26.136831 -25.699177 -25.252531 -24.798185 -24.337412 -23.871450 -23.401496 -22.928692 -22.454129 -21.978834 -21.503775 -21.029857 -20.557925 -20.088761 -19.623090 -19.161582 -18.704848 -18.253448 -17.807891 -17.368635 -16.936090 -16.510619 -16.092541 -15.682128 -15.279612 -14.885186 -14.499001 -14.121173 -13.751787 -13.390892
-29.434790 -29.555259 -29.651389 -29.723009 -29.770070 -29.792636 -29.790868 -29.765007 -29.715362 -29.642290 -29.546185 -29.427467 -29.286573 -29.123953 -28.940073 -28.735419 -28.510505 -28.265881 -28.002150 -27.719970 -27.420070 -27.103253 -26.770395 -26.422445 -26.060421 -25.685397 -25.298492 -24.900858 -24.493664 -24.078082 -23.655276 -23.226390 -22.792537 -22.354790 -21.914182 -21.471696 -21.028262 -20.584761 -20.142021 -19.700816 -19.261870 -18.825855 -18.393396 -17.965067 -17.541397 -17.122870 -16.709923 -16.302950 -15.902304 -15.508293 -15.121188 -14.741218 -14.368577 -14.003421 -13.645873 -13.296026 -12.953941
