example/data/mag_topo.grd
DSAA
128	128
-63.500000	63.500000
-63.500000	63.500000
-230.116453	757.846112
[rows 0 to 24 of 128, columns 0 to 56 of 128]
-2.933700 -2.955310 -2.976030 -2.995814 -3.014618 -3.032399 -3.049116 -3.064733 -3.079213 -3.092527 -3.104647 -3.115554 -3.125233 -3.133680 -3.140900 -3.146912 -3.151750 -3.155467 -3.158139 -3.159866 -3.160775 -3.161028 -3.160816 -3.160368 -3.159944 -3.159842 -3.160385 -3.161927 -3.164837 -3.169498 -3.176295 -3.185603 -3.197780 -3.213158 -3.232029 -3.254643 -3.281205 -3.311871 -3.346756 -3.385939 -3.429479 -3.477425 -3.529836 -3.586800 -3.648450 -3.714980 -3.786657 -3.863824 -3.946901 -4.036373 -4.132772 -4.236652 -4.348559 -4.468991 -4.598363 -4.736965 -4.884929
-2.992055 -3.013585 -3.034107 -3.053565 -3.071905 -3.089073 -3.105017 -3.119687 -3.133037 -3.145024 -3.155608 -3.164758 -3.172447 -3.178661 -3.183396 -3.186663 -3.188492 -3.188933 -3.188064 -3.185989 -3.182846 -3.178810 -3.174090 -3.168938 -3.163643 -3.158530 -3.153959 -3.150318 -3.148012 -3.147460 -3.149079 -3.153277 -3.160437 -3.170911 -3.185006 -3.202983 -3.225049 -3.251362 -3.282033 -3.317142 -3.356747 -3.400903 -3.449687 -3.503214 -3.561660 -3.625280 -3.694416 -3.769506 -3.851079 -3.939740 -4.036153 -4.141004 -4.254968 -4.378663 -4.512602 -4.657157 -4.812507
-3.052094 -3.073523 -3.093815 -3.112903 -3.130721 -3.147202 -3.162281 -3.175895 -3.187983 -3.198487 -3.207354 -3.214537 -3.219999 -3.223710 -3.225658 -3.225844 -3.224292 -3.221051 -3.216198 -3.209843 -3.202135 -3.193262 -3.183455 -3.172990 -3.162183 -3.151394 -3.141018 -3.131478 -3.123219 -3.116695 -3.112358 -3.110645 -3.111964 -3.116686 -3.125132 -3.137568 -3.154204 -3.175196 -3.200652 -3.230647 -3.265243 -3.304506 -3.348533 -3.397478 -3.451572 -3.511142 -3.576627 -3.648579 -3.727659 -3.814619 -3.910278 -4.015480 -4.131052 -4.257751 -4.396212 -4.546896 -4.710039
-3.113901 -3.135208 -3.155238 -3.173911 -3.191146 -3.206862 -3.220980 -3.233419 -3.244103 -3.252956 -3.259911 -3.264903 -3.267879 -3.268796 -3.267628 -3.264368 -3.259033 -3.251666 -3.242347 -3.231192 -3.218360 -3.204053 -3.188526 -3.172077 -3.155057 -3.137857 -3.120910 -3.104678 -3.089642 -3.076295 -3.065121 -3.056585 -3.051120 -3.049112 -3.050893 -3.056733 -3.066839 -3.081364 -3.100410 -3.124051 -3.152353 -3.185397 -3.223310 -3.266293 -3.314647 -3.368793 -3.429287 -3.496819 -3.572211 -3.656391 -3.750361 -3.855153 -3.971773 -4.101143 -4.244038 -4.401021 -4.572398
-3.177563 -3.198729 -3.218465 -3.236676 -3.253265 -3.268135 -3.281187 -3.292326 -3.301454 -3.308478 -3.313310 -3.315868 -3.316080 -3.313888 -3.309251 -3.302150 -3.292595 -3.280624 -3.266318 -3.249797 -3.231232 -3.210842 -3.188901 -3.165739 -3.141734 -3.117315 -3.092951 -3.069142 -3.046410 -3.025281 -3.006271 -2.989873 -2.976540 -2.966670 -2.960603 -2.958607 -2.960887 -2.967586 -2.978802 -2.994608 -3.015076 -3.040310 -3.070477 -3.105840 -3.146788 -3.193859 -3.247749 -3.309322 -3.379589 -3.459688 -3.550840 -3.654298 -3.771279 -3.902897 -4.050087 -4.213538 -4.393626
-3.243174 -3.264181 -3.283590 -3.301291 -3.317168 -3.331105 -3.342985 -3.352689 -3.360100 -3.365103 -3.367588 -3.367451 -3.364602 -3.358962 -3.350476 -3.339110 -3.324864 -3.307773 -3.287916 -3.265418 -3.240462 -3.213282 -3.184177 -3.153501 -3.121667 -3.089137 -3.056419 -3.024051 -2.992591 -2.962598 -2.934620 -2.909170 -2.886719 -2.867674 -2.852375 -2.841088 -2.834009 -2.831271 -2.832965 -2.839166 -2.849958 -2.865476 -2.885941 -2.911696 -2.943241 -2.981256 -3.026614 -3.080381 -3.143802 -3.218262 -3.305243 -3.406254 -3.522761 -3.656101 -3.807395 -3.977474 -4.166798
-3.310834 -3.331663 -3.350714 -3.367855 -3.382952 -3.395867 -3.406460 -3.414589 -3.420112 -3.422891 -3.422789 -3.419681 -3.413452 -3.404004 -3.391260 -3.375175 -3.355735 -3.332970 -3.306956 -3.277824 -3.245765 -3.211033 -3.173945 -3.134884 -3.094294 -3.052673 -3.010563 -2.968539 -2.927193 -2.887114 -2.848874 -2.813008 -2.779994 -2.750245 -2.724095 -2.701803 -2.683550 -2.669459 -2.659617 -2.654099 -2.653013 -2.656535 -2.664956 -2.678724 -2.698477 -2.725071 -2.759593 -2.803355 -2.857878 -2.924843 -3.006036 -3.103271 -3.218299 -3.352717 -3.507863 -3.684726 -3.883864
-3.380644 -3.401281 -3.419941 -3.436473 -3.450720 -3.462520 -3.471706 -3.478112 -3.481569 -3.481908 -3.478968 -3.472595 -3.462649 -3.449008 -3.431576 -3.410288 -3.385118 -3.356086 -3.323268 -3.286795 -3.246870 -3.203759 -3.157802 -3.109407 -3.059047 -3.007253 -2.954599 -2.901694 -2.849157 -2.797605 -2.747628 -2.699773 -2.654521 -2.612282 -2.573381 -2.538059 -2.506483 -2.478764 -2.454982 -2.435224 -2.419627 -2.408428 -2.402009 -2.400950 -2.406061 -2.418415 -2.439359 -2.470502 -2.513691 -2.570957 -2.644445 -2.736322 -2.848675 -2.983394 -3.142068 -3.325869 -3.535462
-3.452715 -3.473144 -3.491383 -3.507257 -3.520582 -3.531171 -3.538829 -3.543358 -3.544559 -3.542235 -3.536191 -3.526245 -3.512228 -3.493990 -3.471413 -3.444411 -3.412941 -3.377015 -3.336702 -3.292135 -3.243522 -3.191144 -3.135358 -3.076594 -3.015353 -2.952192 -2.887714 -2.822554 -2.757356 -2.692752 -2.629345 -2.567683 -2.508245 -2.451427 -2.397536 -2.346793 -2.299346 -2.255290 -2.214706 -2.177698 -2.144449 -2.115275 -2.090680 -2.071408 -2.058486 -2.053252 -2.057365 -2.072791 -2.101765 -2.146730 -2.210250 -2.294902 -2.403158 -2.537253 -2.699056 -2.889947 -3.110708
-3.527158 -3.547369 -3.565159 -3.580325 -3.592658 -3.601938 -3.607940 -3.610434 -3.609186 -3.603965 -3.594543 -3.580703 -3.562243 -3.538987 -3.510786 -3.477532 -3.439165 -3.395681 -3.347140 -3.293676 -3.235499 -3.172897 -3.106243 -3.035985 -2.962643 -2.886795 -2.809067 -2.730110 -2.650582 -2.571124 -2.492338 -2.414765 -2.338867 -2.265019 -2.193502 -2.124508 -2.058162 -1.994547 -1.933749 -1.875902 -1.821256 -1.770230 -1.723486 -1.681976 -1.646994 -1.620202 -1.603636 -1.599687 -1.611050 -1.640650 -1.691540 -1.766772 -1.869263 -2.001637 -2.166084 -2.364216 -2.596950
-3.604094 -3.624078 -3.641392 -3.655804 -3.667073 -3.674948 -3.679166 -3.679464 -3.675568 -3.667211 -3.654127 -3.636062 -3.612778 -3.584064 -3.549742 -3.509677 -3.463785 -3.412046 -3.354507 -3.291294 -3.222616 -3.148765 -3.070120 -2.987140 -2.900356 -2.810361 -2.717788 -2.623296 -2.527543 -2.431166 -2.334751 -2.238819 -2.143804 -2.050045 -1.957786 -1.867188 -1.778348 -1.691341 -1.606265 -1.523304 -1.442796 -1.365304 -1.291687 -1.223160 -1.161348 -1.108304 -1.066520 -1.038890 -1.028652 -1.039297 -1.074441 -1.137687 -1.232458 -1.361823 -1.528335 -1.733866 -1.979476
-3.683646 -3.703400 -3.720215 -3.733830 -3.743967 -3.750339 -3.752648 -3.750587 -3.743845 -3.732110 -3.715076 -3.692447 -3.663947 -3.629326 -3.588371 -3.540915 -3.486848 -3.426125 -3.358777 -3.284915 -3.204739 -3.118537 -3.026687 -2.929646 -2.827947 -2.722180 -2.612976 -2.500983 -2.386845 -2.271173 -2.154526 -2.037384 -1.920135 -1.803072 -1.686392 -1.570213 -1.454608 -1.339646 -1.225454 -1.112289 -1.000609 -0.891165 -0.785068 -0.683865 -0.589582 -0.504752 -0.432409 -0.376044 -0.339535 -0.327027 -0.342794 -0.391066 -0.475843 -0.600699 -0.768593 -0.981687 -1.241194
-3.765944 -3.785469 -3.801770 -3.814548 -3.823490 -3.828268 -3.828543 -3.823964 -3.814177 -3.798824 -3.777551 -3.750020 -3.715908 -3.674923 -3.626812 -3.571372 -3.508457 -3.437995 -3.359989 -3.274529 -3.181796 -3.082064 -2.975693 -2.863128 -2.744887 -2.621540 -2.493695 -2.361971 -2.226975 -2.089273 -1.949370 -1.807686 -1.664547 -1.520181 -1.374723 -1.228248 -1.080801 -0.932459 -0.783396 -0.633970 -0.484808 -0.336901 -0.191683 -0.051111 0.082295 0.205424 0.314595 0.405607 0.473839 0.514383 0.522213 0.492380 0.420229 0.301619 0.133141 -0.087688 -0.362250
-3.851126 -3.870432 -3.886207 -3.898117 -3.905806 -3.908906 -3.907030 -3.899782 -3.886758 -3.867550 -3.841756 -3.808985 -3.768867 -3.721060 -3.665266 -3.601237 -3.528787 -3.447804 -3.358257 -3.260201 -3.153788 -3.039257 -2.916941 -2.787251 -2.650667 -2.507720 -2.358967 -2.204975 -2.046283 -1.883387 -1.716710 -1.546588 -1.373259 -1.196868 -1.017479 -0.835114 -0.649796 -0.461623 -0.270846 -0.077965 0.116168 0.310254 0.502447 0.690286 0.870644 1.039715 1.193046 1.325606 1.431902 1.506149 1.542455 1.535060 1.478571 1.368213 1.200074 0.971324 0.680403
-3.939336 -3.958441 -3.973690 -3.984709 -3.991100 -3.992447 -3.988314 -3.978256 -3.961814 -3.938527 -3.907939 -3.869601 -3.823089 -3.768008 -3.704005 -3.630779 -3.548094 -3.455788 -3.353782 -3.242084 -3.120796 -2.990108 -2.850300 -2.701726 -2.544802 -2.379988 -2.207764 -2.028604 -1.842953 -1.651197 -1.453646 -1.250520 -1.041942 -0.827952 -0.608530 -0.383640 -0.153293 0.082371 0.322988 0.567860 0.815843 1.065234 1.313676 1.558079 1.794581 2.018542 2.224593 2.406724 2.558438 2.672935 2.743346 2.762989 2.725646 2.625841 2.459109 2.222241 1.913489
-4.030727 -4.049660 -4.064396 -4.074516 -4.079575 -4.079108 -4.072629 -4.059635 -4.039612 -4.012039 -3.976399 -3.932185 -3.878908 -3.816112 -3.743380 -3.660351 -3.566725 -3.462277 -3.346862 -3.220424 -3.082994 -2.934687 -2.775704 -2.606308 -2.426821 -2.237594 -2.038987 -1.831344 -1.614969 -1.390099 -1.156889 -0.915404 -0.665621 -0.407452 -0.140775 0.134503 0.418371 0.710616 1.010712 1.317692 1.630027 1.945503 2.261117 2.573010 2.876424 3.165722 3.434449 3.675459 3.881087 4.043380 4.154358 4.206309 4.192100 4.105481 3.941385 3.696195 3.367969
-4.125462 -4.144267 -4.158516 -4.167744 -4.171458 -4.169138 -4.160242 -4.144209 -4.120464 -4.088422 -4.047500 -3.997122 -3.936730 -3.865797 -3.783834 -3.690404 -3.585129 -3.467705 -3.337902 -3.195573 -3.040653 -2.873153 -2.693155 -2.500800 -2.296267 -2.079753 -1.851451 -1.611523 -1.360077 -1.097149 -0.822690 -0.536566 -0.238569 0.071547 0.394019 0.728997 1.076450 1.436050 1.807041 2.188099 2.577193 2.971457 3.367089 3.759277 4.142185 4.508982 4.851939 5.162582 5.431911 5.650659 5.809600 5.899879 5.913351 5.842925 5.682883 5.429174 5.079655
-4.223717 -4.242454 -4.256263 -4.264627 -4.267003 -4.262813 -4.251458 -4.232313 -4.204735 -4.168072 -4.121668 -4.064872 -3.997047 -3.917583 -3.825908 -3.721492 -3.603866 -3.472620 -3.327417 -3.167990 -2.994145 -2.805749 -2.602726 -2.385042 -2.152683 -1.905635 -1.643861 -1.367278 -1.075736 -0.769004 -0.446769 -0.108640 0.245817 0.617042 1.005400 1.411093 1.834041 2.273745 2.729132 3.198404 3.678883 4.166881 4.657595 5.145053 5.622114 6.080530 6.511075 6.903741 7.248001 7.533108 7.748448 7.883903 7.930231 7.879429 7.725086 7.462691 7.089901
-4.325678 -4.344430 -4.357866 -4.365421 -4.366494 -4.360450 -4.346626 -4.324329 -4.292846 -4.251450 -4.199404 -4.135974 -4.060436 -3.972084 -3.870244 -3.754280 -3.623605 -3.477683 -3.316036 -3.138244 -2.943941 -2.732804 -2.504548 -2.258903 -1.995597 -1.714337 -1.414780 -1.096520 -0.759069 -0.401854 -0.024220 0.374541 0.795151 1.238273 1.704422 2.193840 2.706356 3.241222 3.796941 4.371091 4.960164 5.559432 6.162856 6.763046 7.351292 7.917666 8.451193 8.940103 9.372133 9.734884 10.016208 10.204613 10.289671 10.262413 10.115691 9.844521 9.446354
-4.431548 -4.450420 -4.463580 -4.470408 -4.470248 -4.462401 -4.446136 -4.420691 -4.385276 -4.339081 -4.281283 -4.211053 -4.127567 -4.030010 -3.917590 -3.789541 -3.645133 -3.483671 -3.304503 -3.107010 -2.890606 -2.654724 -2.398801 -2.122264 -1.824504 -1.504860 -1.162595 -0.796885 -0.406808 0.008650 0.450569 0.920060 1.418192 1.945900 2.503858 3.092334 3.711011 4.358793 5.033613 5.732238 6.450100 7.181167 7.917871 8.651094 9.370247 10.063418 10.717604 11.319016 11.853439 12.306643 12.664806 12.914958 13.045414 13.046185 12.909363 12.629473 12.203765
-4.541546 -4.560671 -4.573682 -4.579903 -4.578616 -4.569059 -4.550430 -4.521889 -4.482566 -4.431561 -4.367956 -4.290816 -4.199202 -4.092173 -3.968798 -3.828156 -3.669343 -3.491470 -3.293663 -3.075059 -2.834790 -2.571975 -2.285700 -1.975001 -1.638837 -1.276078 -0.885482 -0.465690 -0.015230 0.467466 0.984016 1.536026 2.124992 2.752167 3.418407 4.123974 4.868329 5.649904 6.465877 7.311964 8.182251 9.069076 9.962984 10.852765 11.725582 12.567193 13.362250 14.094673 14.748074 15.306213 15.753469 16.075305 16.258723 16.292684 16.168504 15.880210 15.424853
-4.655905 -4.675451 -4.688476 -4.694248 -4.691986 -4.680859 -4.659992 -4.628465 -4.585318 -4.529554 -4.460148 -4.376049 -4.276187 -4.159475 -4.024816 -3.871106 -3.697231 -3.502063 -3.284459 -3.043246 -2.777207 -2.485068 -2.165472 -1.816959 -1.437946 -1.026707 -0.581363 -0.099884 0.419895 0.980235 1.583426 2.231685 2.927024 3.671078 4.464895 5.308697 6.201625 7.141471 8.124425 9.144856 10.195146 11.265598 12.344442 13.417934 14.470566 15.485372 16.444312 17.328728 18.119833 18.799217 19.349354 19.754081 19.999057 20.072187 19.964009 19.668057 19.181179
-4.774879 -4.795046 -4.808288 -4.813814 -4.810776 -4.798275 -4.775356 -4.741012 -4.694189 -4.633784 -4.558654 -4.467616 -4.359449 -4.232899 -4.086677 -3.919457 -3.729875 -3.516515 -3.277903 -3.012486 -2.718618 -2.394535 -2.038328 -1.647925 -1.221060 -0.755268 -0.247875 0.303990 0.903354 1.553341 2.257068 3.017508 3.837300 4.718529 5.662450 6.669195 7.737457 8.864177 10.044263 11.270362 12.532708 13.819079 15.114870 16.403284 17.665649 18.881829 20.030721 21.090795 22.040651 22.859578 23.528072 24.028322 24.344656 24.463942 24.375964 24.073773 23.554013
-4.898733 -4.919764 -4.933470 -4.939000 -4.935441 -4.921817 -4.897093 -4.860169 -4.809887 -4.745031 -4.664325 -4.566437 -4.449978 -4.313496 -4.155479 -3.974342 -3.768419 -3.535948 -3.275056 -2.983730 -2.659797 -2.300894 -1.904437 -1.467594 -0.987263 -0.460062 0.117667 0.749832 1.440528 2.193945 3.014221 3.905252 4.870442 5.912404 7.032619 8.231059 9.505806 10.852685 12.264952 13.733064 15.244564 16.784105 18.333621 19.872653 21.378797 22.828261 24.196480 25.458764 26.590917 27.569832 28.374011 28.984029 29.382942 29.556645 29.494212 29.188230 28.635128
-5.027751 -5.049928 -5.064392 -5.070229 -5.066457 -5.052024 -5.025807 -4.986608 -4.933159 -4.864115 -4.778056 -4.673482 -4.548809 -4.402363 -4.232367 -4.036932 -3.814038 -3.561510 -3.276996 -2.957929 -2.601502 -2.204625 -1.763891 -1.275545 -0.735463 -0.139141 0.518285 1.241997 2.037401 2.909998 3.865177 4.907964 6.042687 7.272591 8.599394 10.022821 11.540136 13.145717 14.830707 16.582796 18.386166 20.221617 22.066883 23.897126 25.685570 27.404232 29.024682 30.518799 31.859456 33.021122 33.980362 34.716242 35.210668 35.448671 35.418695 35.112890 34.527443
