example/data/mag_topo.grd
DSAA
128	128
-63.500000	63.500000
-63.500000	63.500000
-230.116453	757.846112
[rows 25 to 49 of 128, columns 57 to 113 of 128]
40.416172 39.177695 37.640810 35.822111 33.744136 31.435292 28.929443 26.265117 23.484319 20.630992 17.749216 14.881282 12.065806 9.336047 6.718604 4.232596 1.889422 -0.306913 -2.358931 -4.274400 -6.064774 -7.743541 -9.324634 -10.821063 -12.243882 -13.601522 -14.899513 -16.140534 -17.324719 -18.450128 -19.513291 -20.509774 -21.434694 -22.283169 -23.050688 -23.733397 -24.328312 -24.833463 -25.247978 -25.572114 -25.807244 -25.955804 -26.021200 -26.007690 -25.920253 -25.764426 -25.546155 -25.271638 -24.947170 -24.579020 -24.173302 -23.735886 -23.272316 -22.787757 -22.286953 -21.774211 -21.253390
48.224511 46.886072 45.210609 43.215262 40.923718 38.366277 35.579543 32.605665 29.491098 26.284932 23.036872 19.795025 16.603688 13.501340 10.519046 7.679415 4.996245 2.474840 0.112993 -2.097521 -4.169109 -6.116397 -7.954360 -9.696736 -11.354849 -12.936923 -14.447858 -15.889416 -17.260689 -18.558733 -19.779264 -20.917311 -21.967783 -22.925925 -23.787656 -24.549806 -25.210265 -25.768066 -26.223409 -26.577652 -26.833254 -26.993702 -27.063398 -27.047537 -26.951962 -26.783013 -26.547371 -26.251904 -25.903523 -25.509050 -25.075106 -24.608013 -24.113722 -23.597758 -23.065184 -22.520585 -21.968061
57.229600 55.796446 53.984150 51.809912 49.298087 46.480442 43.396001 40.090359 36.614432 33.022657 29.370749 25.713171 22.100546 18.577263 15.179517 11.933994 8.857343 5.956487 3.229720 0.668462 -1.740560 -4.012970 -6.164522 -8.209242 -10.158119 -12.018411 -13.793551 -15.483548 -17.085705 -18.595499 -20.007457 -21.315927 -22.515686 -23.602366 -24.572719 -25.424754 -26.157776 -26.772374 -27.270356 -27.654668 -27.929297 -28.099157 -28.169963 -28.148104 -28.040496 -27.854438 -27.597462 -27.277195 -26.901215 -26.476940 -26.011513 -25.511716 -24.983907 -24.433962 -23.867254 -23.288630 -22.702418
67.584373 66.068816 64.128705 61.780638 59.048945 55.966209 52.573318 48.918914 45.058171 41.050903 36.959090 32.844012 28.763235 24.767756 20.899603 17.190165 13.659443 10.316316 7.159786 4.181038 1.366057 -1.301546 -3.837866 -6.256521 -8.567192 -10.774986 -12.880573 -14.880928 -16.770450 -18.542179 -20.188932 -21.704205 -23.082790 -24.321116 -25.417370 -26.371458 -27.184871 -27.860515 -28.402524 -28.816085 -29.107276 -29.282921 -29.350444 -29.317744 -29.193055 -28.984819 -28.701557 -28.351743 -27.943689 -27.485436 -26.984666 -26.448624 -25.884062 -25.297196 -24.693685 -24.078623 -23.456540
79.450844 77.874867 75.826108 73.319688 70.378981 67.036453 63.333999 59.322597 55.061182 50.614701 46.051439 41.439792 36.844785 32.324675 27.928016 23.691538 19.639104 15.781892 12.119794 8.643869 5.339506 2.189890 -0.820753 -3.704559 -6.468406 -9.113424 -11.635527 -14.026721 -16.276818 -18.375175 -20.312173 -22.080258 -23.674514 -25.092818 -26.335697 -27.405994 -28.308469 -29.049393 -29.636191 -30.077142 -30.381144 -30.557532 -30.615927 -30.566114 -30.417937 -30.181196 -29.865548 -29.480415 -29.034900 -28.537699 -27.997042 -27.420628 -26.815585 -26.188444 -25.545122 -24.890926 -24.230561
92.996361 91.394781 89.270208 86.635210 83.510997 79.928661 75.929869 71.566821 66.901301 62.002754 56.945454 51.804928 46.653962 41.558583 36.574481 31.744315 27.096269 22.644096 18.388689 14.321008 10.425977 6.686784 3.088921 -0.376669 -3.711808 -6.910862 -9.961955 -12.849177 -15.555245 -18.064007 -20.362401 -22.441627 -24.297568 -25.930578 -27.344880 -28.547767 -29.548790 -30.359020 -30.990456 -31.455578 -31.767024 -31.937386 -31.979067 -31.904193 -31.724548 -31.451527 -31.096085 -30.668698 -30.179312 -29.637307 -29.051454 -28.429888 -27.780085 -27.108853 -26.422328 -25.725991 -25.024682
108.387846 106.811956 104.662227 101.947396 98.685032 94.903225 90.641740 85.952372 80.898289 75.552243 69.993650 64.304712 58.565893 52.851205 47.223867 41.732885 36.411073 31.274869 26.326082 21.555415 16.947323 12.485474 8.157897 3.960912 -0.098885 -4.004893 -7.732815 -11.254353 -14.541349 -17.569474 -20.320844 -22.785281 -24.960365 -26.850552 -28.465807 -29.820065 -30.929802 -31.812842 -32.487459 -32.971753 -33.283260 -33.438736 -33.454066 -33.344231 -33.123334 -32.804621 -32.400516 -31.922647 -31.381855 -30.788211 -30.151016 -29.478808 -28.779366 -28.059726 -27.326191 -26.584364 -25.839168
125.783471 124.305024 122.203258 119.481673 116.152473 112.238762 107.776235 102.814046 97.414578 91.651929 85.609045 79.373619 73.033064 66.669060 60.352310 54.138225 48.064229 42.149210 36.395420 30.792743 25.324840 19.976235 14.739093 9.618322 4.633859 -0.180381 -4.780628 -9.119352 -13.151813 -16.841589 -20.164104 -23.107858 -25.673700 -27.872770 -29.723852 -31.250693 -32.479683 -33.438037 -34.152531 -34.648694 -34.950383 -35.079610 -35.056546 -34.899618 -34.625650 -34.250014 -33.786770 -33.248785 -32.647832 -31.994667 -31.299089 -30.569988 -29.815390 -29.042490 -28.257696 -27.466665 -26.674346
145.321240 144.036412 142.082984 139.457802 136.165845 132.222952 127.658094 122.514873 116.851867 110.741574 104.267785 97.521426 90.595118 83.576977 76.544366 69.558491 62.660735 55.871563 49.192497 42.611284 36.109768 29.673306 23.299996 17.007661 10.836712 4.847900 -0.884726 -6.283881 -11.279554 -15.817454 -19.863824 -23.406340 -26.451856 -29.022279 -31.149846 -32.872694 -34.231275 -35.265738 -36.014243 -36.512013 -36.790948 -36.879591 -36.803320 -36.584643 -36.243534 -35.797760 -35.263167 -34.653936 -33.982780 -33.261114 -32.499178 -31.706147 -30.890212 -30.058649 -29.217888 -28.373563 -27.530576
167.104103 166.136834 164.463681 162.073626 158.962636 155.136870 150.615559 145.433191 139.640583 133.304487 126.505459 119.333881 111.884313 104.248631 96.508717 88.729773 80.955401 73.205653 65.478939 57.758227 50.021194 42.252995 34.459283 26.676347 18.975211 11.457720 4.244821 -2.540121 -8.788470 -14.419517 -19.387109 -23.679529 -27.314349 -30.330718 -32.781276 -34.725123 -36.222488 -37.331138 -38.104291 -38.589647 -38.829190 -38.859447 -38.712008 -38.414132 -37.989369 -37.458124 -36.838157 -36.144996 -35.392275 -34.592008 -33.754797 -32.890005 -32.005888 -31.109707 -30.207812 -29.305727 -28.408219
191.181510 190.685304 189.458730 187.482226 184.741362 181.230418 176.955786 171.938831 166.217786 159.848216 152.901659 145.462187 137.620859 129.468430 121.087052 112.542148 103.875941 95.104232 86.217943 77.190389 67.990362 58.599680 49.032119 39.348992 29.666008 20.147342 10.986511 2.378530 -5.508619 -12.555112 -18.698438 -23.930820 -28.288619 -31.838439 -34.663704 -36.853815 -38.496537 -39.673353 -40.457124 -40.911358 -41.090465 -41.040558 -40.800492 -40.402942 -39.875422 -39.241179 -38.519957 -37.728622 -36.881665 -35.991600 -35.069277 -34.124126 -33.164347 -32.197060 -31.228428 -30.263757 -29.307582
217.528029 217.684929 217.105419 215.761657 213.628338 210.686402 206.926761 202.353702 196.987552 190.866118 184.044363 176.591891 168.587961 160.114189 151.245517 142.040679 132.533873 122.729801 112.604326 102.112654 91.205981 79.855681 68.081390 55.976064 43.718885 31.567680 19.828324 8.807891 -1.233821 -10.118991 -17.764344 -24.173062 -29.414003 -33.597245 -36.852314 -39.311978 -41.101871 -42.334928 -43.109212 -43.507893 -43.600395 -43.444097 -43.086161 -42.565282 -41.913255 -41.156289 -40.316115 -39.410860 -38.455752 -37.463666 -36.445546 -35.410736 -34.367231 -33.321873 -32.280506 -31.248098 -30.228846
246.020625 247.035854 247.333015 246.877674 245.634668 243.571617 240.662614 236.891836 232.256740 226.770374 220.462195 213.376795 205.570015 197.102227 188.029127 178.391067 168.202806 157.446319 146.069848 133.996472 121.144679 107.461365 92.963691 77.780470 62.177859 46.552688 31.384803 17.157654 4.274123 -7.001980 -16.562800 -24.436452 -30.747295 -35.673648 -39.413337 -42.160342 -44.091525 -45.360763 -46.097796 -46.409714 -46.383666 -46.089938 -45.584940 -44.913870 -44.112990 -43.211485 -42.232973 -41.196690 -40.118415 -39.011188 -37.885856 -36.751492 -35.615711 -34.484918 -33.364491 -32.258931 -31.171978
276.417655 278.508428 279.929080 280.642072 280.605477 279.775892 278.111597 275.575841 272.140038 267.786501 262.510173 256.318638 249.229691 241.265867 232.445826 222.773255 212.224998 200.741391 188.222920 174.538187 159.548175 143.150040 125.338759 106.275608 86.339751 66.130476 46.396135 27.899072 11.266444 -3.110946 -15.100047 -24.780476 -32.369886 -38.152231 -42.424830 -45.466391 -47.521556 -48.796232 -49.458972 -49.645204 -49.462414 -48.995249 -48.310088 -47.458910 -46.482452 -45.412740 -44.275064 -43.089518 -41.872176 -40.635994 -39.391485 -38.147232 -36.910275 -35.686401 -34.480365 -33.296057 -32.136634
308.344155 311.721799 314.509801 316.672870 318.167754 318.945161 318.951853 318.132922 316.434187 313.804520 310.197722 305.573303 299.895348 293.128621 285.231285 276.144343 265.779010 254.004884 240.643686 225.475360 208.264863 188.817738 167.068075 143.189482 117.695802 91.472128 65.676818 41.512825 19.959169 1.592215 -13.437855 -25.310217 -34.395695 -41.138041 -45.975887 -49.301999 -51.448095 -52.684207 -53.224958 -53.238271 -52.854192 -52.172788 -51.270782 -50.206920 -49.026202 -47.763174 -46.444449 -45.090629 -43.717752 -42.338380 -40.962417 -39.597710 -38.250503 -36.925775 -35.627483 -34.358758 -33.122042
341.289125 346.135033 350.503045 354.366823 357.689174 360.422713 362.510460 363.886457 364.476471 364.198807 362.965058 360.680393 357.242697 352.539660 346.442913 338.798717 329.415695 318.051831 304.405522 288.118796 268.804624 246.113370 219.852150 190.156959 157.679137 123.686883 89.949197 58.356297 30.434005 7.024039 -11.732455 -26.195239 -36.977437 -44.755975 -50.162843 -53.738593 -55.922553 -57.060767 -57.420448 -57.205337 -56.569520 -55.628930 -54.470530 -53.159461 -51.744502 -50.262211 -48.740032 -47.198624 -45.653581 -44.116720 -42.597021 -41.101325 -39.634846 -38.201547 -36.804415 -35.445666 -34.126896
374.620368 381.058448 387.154549 392.898114 398.265977 403.221733 407.714646 411.678216 415.028522 417.662478 419.456064 420.262385 419.909185 418.195159 414.884218 409.696939 402.299059 392.288366 379.183996 362.426568 341.403920 315.525345 284.373462 247.954830 207.020388 163.310587 119.460489 78.395747 42.467662 12.883686 -10.279462 -27.684436 -40.306191 -49.143957 -55.080737 -58.839008 -60.984640 -61.949517 -62.058115 -61.551836 -60.609167 -59.361550 -57.905518 -56.311834 -54.632294 -52.904765 -51.156904 -49.408884 -47.675394 -45.967109 -44.291751 -42.654870 -41.060406 -39.511103 -38.008797 -36.554638 -35.149244
407.620056 415.690668 423.565976 431.256380 438.759140 446.056582 453.113453 459.873418 466.254843 472.145994 477.399796 481.828217 485.196187 487.214772 487.533113 485.728532 481.294501 473.627128 462.013159 445.627154 423.553911 394.865907 358.803336 315.112178 264.546702 209.358838 153.311995 100.785925 55.304563 18.552540 -9.543574 -30.102907 -44.596518 -54.436202 -60.808525 -64.645628 -66.653268 -67.354778 -67.133552 -66.268446 -64.961342 -63.357924 -61.563025 -59.651870 -57.678257 -55.680507 -53.685760 -51.713106 -49.775830 -47.883051 -46.040889 -44.253318 -42.522766 -40.850553 -39.237198 -37.682640 -36.186393
439.539496 449.181251 458.766890 468.329617 477.889704 487.451789 497.000922 506.497329 515.869900 525.008511 533.755271 541.894827 549.143802 555.139355 559.426762 561.445774 560.515626 555.819080 546.387671 531.094627 508.671501 477.783155 437.226772 386.352990 325.778295 258.213672 188.711835 123.464783 67.495267 23.066595 -10.131056 -33.811171 -50.049355 -60.734295 -67.388012 -71.165504 -72.916187 -73.254359 -72.620222 -71.327544 -69.599178 -67.592915 -65.420100 -63.158951 -60.864083 -58.573303 -56.312470 -54.098963 -51.944167 -49.855236 -47.836361 -45.889667 -44.015850 -42.214621 -40.485027 -38.825665 -37.234839
469.665542 480.710659 491.811831 503.022813 514.384576 525.921859 537.638207 549.509394 561.475186 573.429454 585.208699 596.579108 607.222234 616.719453 624.535225 629.999154 632.286734 630.398935 623.142038 609.113075 586.706352 554.179157 509.857996 452.626230 382.838190 303.523548 220.966414 143.258536 77.062221 25.280173 -12.660131 -39.114084 -56.791889 -68.068660 -74.799422 -78.354857 -79.720071 -79.593178 -78.465296 -76.680461 -74.478893 -72.027731 -69.442714 -66.803430 -64.164056 -61.560924 -59.017856 -56.549940 -54.166192 -51.871440 -49.667653 -47.554872 -45.531868 -43.596590 -41.746482 -39.978694 -38.290226
497.386305 509.572034 521.882778 534.387177 547.140468 560.180379 573.521403 587.147295 601.001755 614.977276 628.902209 642.526169 655.503874 667.377558 677.557944 685.303579 689.698100 689.624928 683.739918 670.446281 647.886964 613.995506 566.699442 504.452364 427.307286 338.446657 245.098358 156.960067 82.170901 24.260938 -17.537244 -46.136592 -64.808881 -76.360424 -82.940016 -86.106970 -86.963623 -86.279305 -84.587401 -82.256210 -79.539107 -76.609581 -73.585607 -70.546575 -67.545069 -64.615083 -61.777756 -59.045390 -56.424260 -53.916573 -51.521850 -49.237870 -47.061335 -44.988316 -43.014561 -41.135695 -39.347347
522.242756 535.236816 548.372689 561.726744 575.360340 589.315197 603.607162 618.218266 633.087057 648.097218 663.064583 677.722647 691.706648 704.536221 715.596322 724.115779 729.142353 729.513006 723.819019 710.369686 687.170006 651.956115 602.391470 536.622847 454.452964 359.086539 258.301950 162.860543 81.979388 19.724253 -24.744945 -54.722335 -73.894731 -85.399069 -91.614031 -94.248035 -94.496237 -93.183955 -90.877188 -87.962276 -84.701658 -81.272443 -77.792985 -74.341191 -70.967152 -67.701886 -64.563391 -61.560850 -58.697547 -55.972891 -53.383813 -50.925729 -48.593189 -46.380326 -44.281139 -42.289684 -40.400192
543.956525 557.390568 570.931014 584.655574 598.624698 612.876647 627.421137 642.231517 657.235508 672.304581 687.242084 701.770180 715.515551 727.993576 738.590293 746.540924 750.903216 750.523691 743.996050 729.615494 705.345147 668.840334 617.638292 549.721992 464.733472 365.818551 260.946481 161.385476 76.977217 12.187178 -33.782863 -64.417199 -83.653994 -94.848670 -100.540063 -102.544011 -102.123852 -100.146289 -97.201213 -93.687725 -89.874103 -85.939079 -82.000138 -78.132921 -74.384532 -70.782699 -67.342082 -64.068620 -60.962534 -58.020389 -55.236502 -52.603910 -50.115011 -47.761992 -45.537108 -43.432849 -41.442043
562.431063 575.934657 589.464887 603.096832 616.886008 630.863451 645.029684 659.347537 673.733923 688.050624 702.094164 715.584702 728.153682 739.329622 748.520964 754.994332 757.846112 755.965290 747.986947 732.240684 706.711038 669.056614 616.795922 547.867420 461.837879 361.751853 255.504212 154.426134 68.596165 2.744301 -43.800972 -74.552265 -93.555264 -104.284135 -109.376132 -110.718364 -109.621752 -106.982828 -103.408964 -99.308535 -94.953806 -90.524205 -86.135933 -81.862227 -77.747214 -73.815416 -70.078271 -66.538602 -63.193689 -60.037364 -57.061436 -54.256651 -51.613332 -49.121793 -46.772596 -44.556717 -42.465622
577.730301 590.959118 604.103339 617.234383 630.402224 643.630811 656.912684 670.202815 683.411708 696.397804 708.959124 720.823933 731.639923 740.961030 748.230554 752.758771 753.692927 749.977767 740.306495 723.067120 696.301971 657.727076 604.916805 535.852876 450.096947 350.578131 244.941532 144.258834 58.543689 -7.324912 -53.829538 -84.381463 -103.016495 -113.246080 -117.756216 -118.477138 -116.752231 -113.500169 -109.342205 -104.694573 -99.833237 -94.938574 -90.125993 -85.466888 -81.002966 -76.756054 -72.734815 -68.939346 -65.364319 -62.001115 -58.839270 -55.867439 -53.074037 -50.447640 -47.977239 -45.652388 -43.463272
